year;port_name;nuclear_available_from_year;maturity_factor;allocation_share;allocated_new_ship_loadings;allocated_refuellings;allocated_total_service_events;allocated_initial_fuel_loading_tons;allocated_refueling_tons;allocated_fuel_throughput_tons;allocated_initial_fuel_loading_pebbles;allocated_refueling_pebbles;allocated_fuel_throughput_pebbles;allocated_fresh_fuel_storage_m3;allocated_spent_fuel_storage_m3;allocated_waste_m3;allocated_truckloads
2037;Rotterdam;2037;0.5;1.0;1.0;0.0;1.0;0.9114583333333335;0.0;0.18229166666666669;113932.29166666669;0.0;22786.458333333336;322.13596545598466;0.0;64.42719309119693;0.0
2038;Rotterdam;2037;0.75;0.42391304347826086;1.2717391304347827;0.0;1.2717391304347827;3.9410665760869574;0.0;0.8654891304347827;492633.32201086957;0.0;108186.14130434782;1392.8879028085944;0.0;305.88910806776977;0.0
2038;Singapore;2038;0.5;0.2934782608695652;0.8804347826086956;0.0;0.8804347826086956;2.7284307065217392;0.0;0.5991847826086957;341053.83831521735;0.0;74898.09782608695;964.3070096367192;0.0;211.76938250845598;0.0
2038;Hamburg;2038;0.5;0.2826086956521739;0.8478260869565217;0.0;0.8478260869565217;2.6273777173913047;0.0;0.5769927536231885;328422.214673913;0.0;72124.09420289854;928.5919352057296;0.0;203.92607204517984;0.0
2039;Rotterdam;2037;1.0;0.3954372623574144;0.7908745247148288;0.0;0.7908745247148288;1.297528517110266;0.0;1.0668567807351077;162191.06463878328;0.0;133357.09759188845;458.5844314323976;0.0;377.0583102888604;0.0
2039;Singapore;2038;0.75;0.30798479087452474;0.6159695817490495;0.0;0.6159695817490495;1.0105750950570342;0.0;0.8309173003802283;126321.88688212933;0.0;103864.66254752854;357.1667206348482;0.0;293.67041474420864;0.0
2039;Hamburg;2038;0.75;0.2965779467680608;0.5931558935361216;0.0;0.5931558935361216;0.9731463878326996;0.0;0.8001425855513309;121643.29847908748;0.0;100017.82319391635;343.93832357429824;0.0;282.79373271664537;0.0
2040;Rotterdam;2037;1.0;0.2765957446808511;1.3829787234042554;0.0;1.3829787234042554;4.134530141843971;0.0;1.5731382978723405;516816.2677304964;0.0;196642.28723404257;1461.2635709620401;0.0;555.9929684636056;0.0
2040;Singapore;2038;1.0;0.2872340425531915;1.4361702127659575;0.0;1.4361702127659575;4.293550531914893;0.0;1.6336436170212767;536693.8164893617;0.0;204205.4521276596;1517.4660159990417;0.0;577.3773134045135;0.0
2040;Hamburg;2038;1.0;0.2765957446808511;1.3829787234042554;0.0;1.3829787234042554;4.134530141843971;0.0;1.5731382978723405;516816.2677304964;0.0;196642.28723404257;1461.2635709620401;0.0;555.9929684636056;0.0
2040;Shanghai;2040;0.5;0.15957446808510636;0.7978723404255318;0.0;0.7978723404255318;2.385305851063829;0.0;0.9075797872340424;298163.2313829786;0.0;113447.4734042553;843.036675555023;0.0;320.76517411361857;0.0
2041;Rotterdam;2037;1.0;0.2374429223744292;2.374429223744292;0.0;2.374429223744292;5.929889649923895;0.0;2.536434550989345;741236.2062404868;0.0;317054.31887366815;2095.795998089895;0.0;896.4499670661884;0.0
2041;Singapore;2038;1.0;0.2465753424657534;2.4657534246575343;0.0;2.4657534246575343;6.1579623287671215;0.0;2.633989726027397;769745.2910958902;0.0;329248.7157534246;2176.403536477968;0.0;930.9288119533494;0.0
2041;Hamburg;2038;1.0;0.2374429223744292;2.374429223744292;0.0;2.374429223744292;5.929889649923895;0.0;2.536434550989345;741236.2062404868;0.0;317054.31887366815;2095.795998089895;0.0;896.4499670661884;0.0
2041;Shanghai;2040;0.75;0.2054794520547945;2.054794520547945;0.0;2.054794520547945;5.131635273972601;0.0;2.194991438356164;641454.4092465752;0.0;274373.9297945205;1813.6696137316399;0.0;775.7740099611245;0.0
2041;Provideniya;2041;0.5;0.0730593607305936;0.730593607305936;0.0;0.730593607305936;1.824581430745814;0.0;0.7804414003044139;228072.67884322672;0.0;97555.17503805173;644.8603071045831;0.0;275.8307590972887;0.0
2042;Rotterdam;2037;1.0;0.21487603305785122;2.5785123966942147;0.21487603305785122;2.7933884297520657;6.874354338842973;0.19585055096418735;3.6702393250688696;859294.2923553716;24481.318870523417;458779.9156336087;2498.8166708841886;69.21929836244298;1297.1696513121808;0.0
2042;Singapore;2038;1.0;0.22314049586776857;2.677685950413223;0.22314049586776857;2.9008264462809916;7.138752582644626;0.20338326446280994;3.811402376033057;892344.0728305782;25422.90805785124;476425.2970041321;2594.925004379734;71.88157906869078;1347.0607917472646;0.0
2042;Hamburg;2038;1.0;0.21487603305785122;2.5785123966942147;0.21487603305785122;2.7933884297520657;6.874354338842973;0.19585055096418735;3.6702393250688696;859294.2923553716;24481.318870523417;458779.9156336087;2498.8166708841886;69.21929836244298;1297.1696513121808;0.0
2042;Shanghai;2040;1.0;0.24793388429752064;2.975206611570248;0.24793388429752064;3.2231404958677685;7.931947314049585;0.22598140495867772;4.234891528925619;991493.414256198;28247.675619834714;529361.4411157024;2883.2500048663715;79.86842118743421;1496.7342130525162;0.0
2042;Provideniya;2041;0.75;0.09917355371900827;1.1900826446280992;0.09917355371900827;1.2892561983471076;3.172778925619834;0.09039256198347109;1.6939566115702478;396597.36570247926;11299.070247933887;211744.57644628096;1153.3000019465487;31.947368474973686;598.6936852210066;0.0
2043;Rotterdam;2037;1.0;0.20800000000000002;4.368;0.6240000000000001;4.992000000000001;11.602500000000004;1.9337500000000005;5.873291666666668;1450312.5000000005;241718.75000000003;734161.4583333334;4784.105650179922;750.4479451262619;2075.792619643892;0.0
2043;Singapore;2038;1.0;0.21600000000000003;4.5360000000000005;0.6480000000000001;5.184000000000001;12.048750000000004;2.0081250000000006;6.099187500000001;1506093.7500000005;251015.62500000003;762398.4375000001;4968.109713648381;779.3113276311182;2155.6307973225034;0.0
2043;Hamburg;2038;1.0;0.20800000000000002;4.368;0.6240000000000001;4.992000000000001;11.602500000000004;1.9337500000000005;5.873291666666668;1450312.5000000005;241718.75000000003;734161.4583333334;4784.105650179922;750.4479451262619;2075.792619643892;0.0
2043;Shanghai;2040;1.0;0.24;5.04;0.72;5.76;13.387500000000003;2.23125;6.776875;1673437.5000000005;278906.25;847109.375;5520.121904053756;865.9014751456867;2395.1453303583367;0.0
2043;Provideniya;2041;1.0;0.128;2.688;0.384;3.072;7.140000000000002;1.1900000000000002;3.6143333333333336;892500.0000000002;148750.0;451791.6666666667;2944.065015495337;461.8141200776996;1277.4108428577797;0.0
2044;Rotterdam;2037;1.0;0.20800000000000002;7.696000000000001;0.41600000000000004;8.112;20.13754166666667;0.6825000000000001;9.900800000000002;2517192.7083333326;85312.50000000003;1237600.0;7358.410119086253;991.6633560597032;3499.2315612744546;0.0
2044;Singapore;2038;1.0;0.21600000000000003;7.992000000000001;0.43200000000000005;8.424000000000001;20.912062500000005;0.7087500000000001;10.281600000000001;2614007.812499999;88593.75000000003;1285200.0;7641.425892897263;1029.8042543696918;3633.8173905542412;0.0
2044;Hamburg;2038;1.0;0.20800000000000002;7.696000000000001;0.41600000000000004;8.112;20.13754166666667;0.6825000000000001;9.900800000000002;2517192.7083333326;85312.50000000003;1237600.0;7358.410119086253;991.6633560597032;3499.2315612744546;0.0
2044;Shanghai;2040;1.0;0.24;8.879999999999999;0.48;9.36;23.235625;0.7875;11.424;2904453.1249999986;98437.50000000003;1427999.9999999998;8490.473214330292;1144.2269492996575;4037.574878393601;0.0
2044;Provideniya;2041;1.0;0.128;4.736;0.256;4.992;12.392333333333335;0.42;6.0928;1549041.666666666;52500.000000000015;761599.9999999999;4528.252380976155;610.2543729598173;2153.3732684765873;0.0
2045;Rotterdam;2037;1.0;0.17275747508305647;9.156146179401993;0.8637873754152824;10.019933554817275;23.839631782945737;2.582364341085271;12.991182170542636;2979953.9728682186;322795.5426356589;1623897.7713178296;9338.304253098804;1736.3235559992997;4591.462777697637;0.0
2045;Singapore;2038;1.0;0.17940199335548174;9.508305647840531;0.8970099667774087;10.40531561461794;24.756540697674424;2.6816860465116275;13.490843023255815;3094567.5872093043;335210.75581395347;1686355.377906977;9697.469801294912;1803.1052312300421;4768.0574999167775;0.0
2045;Hamburg;2038;1.0;0.17275747508305647;9.156146179401993;0.8637873754152824;10.019933554817275;23.839631782945737;2.582364341085271;12.991182170542636;2979953.9728682186;322795.5426356589;1623897.7713178296;9338.304253098804;1736.3235559992997;4591.462777697637;0.0
2045;Shanghai;2040;1.0;0.19933554817275748;10.564784053156146;0.9966777408637874;11.561461794019934;27.50726744186047;2.9796511627906974;14.98982558139535;3438408.4302325603;372456.39534883713;1873728.1976744188;10774.966445883236;2003.450256922269;5297.841666574197;0.0
2045;Provideniya;2041;1.0;0.10631229235880399;5.634551495016612;0.53156146179402;6.166112956810632;14.670542635658917;1.5891472868217051;7.994573643410853;1833817.8294573654;198643.41085271316;999321.7054263568;5746.648771137726;1068.506803691877;2825.5155555062383;0.0
2045;Busan;2045;0.5;0.07641196013289035;4.049833887043189;0.3820598006644518;4.431893687707641;10.544452519379844;1.1421996124031004;5.74609980620155;1318056.564922481;142774.95155038754;718262.4757751938;4130.403804255239;767.9892651535363;2030.8393055201084;0.0
2045;Jebel Ali;2045;0.5;0.09302325581395347;4.930232558139534;0.4651162790697674;5.395348837209301;12.83672480620155;1.3905038759689918;6.995251937984495;1604590.6007751944;173812.98449612397;874406.492248062;5028.317674745509;934.943453230392;2472.326111067958;0.0
2046;Rotterdam;2037;1.0;0.15926493108728945;12.104134762633999;1.5926493108728945;13.696784073506892;31.88077462991322;3.9774757529351707;18.352711842776927;3985096.82873915;497184.46911689633;2294088.9803471155;12673.351797000734;3006.4707930703717;6486.383778605818;0.0
2046;Singapore;2038;1.0;0.1653905053598775;12.569678407350692;1.6539050535987752;14.223583460949467;33.106958269525265;4.130455589586523;19.058585375191427;4138369.7836906556;516306.9486983154;2382323.171898928;13160.788404577685;3122.10428511154;6735.860077782965;0.0
2046;Hamburg;2038;1.0;0.15926493108728945;12.104134762633999;1.5926493108728945;13.696784073506892;31.88077462991322;3.9774757529351707;18.352711842776927;3985096.82873915;497184.46911689633;2294088.9803471155;12673.351797000734;3006.4707930703717;6486.383778605818;0.0
2046;Shanghai;2040;1.0;0.18376722817764166;13.966309341500766;1.8376722817764166;15.803981623277183;36.7855091883614;4.589395099540581;21.176205972434914;4598188.648545172;573674.3874425726;2647025.746554364;14623.098227308537;3469.004761235044;7484.2889753144045;0.0
2046;Provideniya;2041;1.0;0.09800918836140889;7.448698315467075;0.9800918836140888;8.428790199081163;19.618938233792747;2.4476773864216432;11.293976518631954;2452367.279224092;305959.6733027054;1411747.0648289942;7798.98572123122;1850.1358726586902;3991.6207868343495;0.0
2046;Busan;2045;0.75;0.10566615620214395;8.03062787136294;1.0566615620214395;9.08728943338438;21.151667783307808;2.6389021822358343;12.176318434150076;2643958.4729134743;329862.7727794793;1522039.8042687592;8408.28148070241;1994.6777377101503;4303.466160805783;0.0
2046;Jebel Ali;2045;0.75;0.12863705972434913;9.776416539050533;1.2863705972434913;11.062787136294025;25.749856431852976;3.212576569678406;14.823344180704437;3218732.0539816204;401572.0712098008;1852918.0225880544;10236.168759115975;2428.30333286453;5239.002282720082;0.0
2047;Rotterdam;2037;1.0;0.1477272727272727;13.738636363636362;1.9204545454545452;15.659090909090907;35.6869081439394;4.860765861742423;24.160564630681815;4460863.517992423;607595.7327178027;3020070.578835226;14330.730912345416;4459.020676385621;8539.048389412277;16.102272727272727
2047;Singapore;2038;1.0;0.1534090909090909;14.267045454545455;1.9943181818181819;16.261363636363637;37.05948153409092;5.047718394886363;25.089817116477274;4632435.191761363;630964.7993607953;3136227.1395596587;14881.91287051255;4630.521471631222;8867.473327466598;16.72159090909091
2047;Hamburg;2038;1.0;0.1477272727272727;13.738636363636362;1.9204545454545452;15.659090909090907;35.6869081439394;4.860765861742423;24.160564630681815;4460863.517992423;607595.7327178027;3020070.578835226;14330.730912345416;4459.020676385621;8539.048389412277;16.102272727272727
2047;Shanghai;2040;1.0;0.17045454545454544;15.852272727272727;2.215909090909091;18.068181818181817;41.17720170454547;5.608575994318181;27.877574573863637;5147150.213068181;701071.9992897725;3484696.8217329537;16535.45874501394;5145.023857368024;9852.74814162955;18.579545454545453
2047;Provideniya;2041;1.0;0.09090909090909091;8.454545454545455;1.1818181818181819;9.636363636363637;21.96117424242425;2.99124053030303;14.868039772727274;2745146.78030303;373905.0662878787;1858504.9715909087;8818.911330674104;2744.0127239296135;5254.799008869095;9.90909090909091
2047;Busan;2045;1.0;0.13068181818181815;12.153409090909088;1.698863636363636;13.852272727272723;31.56918797348485;4.299908262310605;21.37280717329545;3946148.4966856046;537488.5327888255;2671600.8966619307;12677.18503784402;3944.518290648818;7553.773575249322;14.244318181818178
2047;Jebel Ali;2045;1.0;0.15909090909090906;14.795454545454543;2.068181818181818;16.86363636363636;38.43205492424243;5.234670928030301;26.019069602272722;4804006.865530301;654333.8660037876;3252383.70028409;15433.094828679677;4802.022266876822;9195.898265520913;17.340909090909086
2048;Rotterdam;2037;1.0;0.1477272727272727;15.068181818181817;3.545454545454545;18.61363636363636;39.793649384469695;9.613813920454547;32.11929450757575;4974206.173058713;1201726.7400568184;4014911.813446969;17462.038922016454;7371.422654985411;11351.895712142283;163.53409090909088
2048;Singapore;2038;1.0;0.1534090909090909;15.647727272727273;3.6818181818181817;19.329545454545453;41.32417436079546;9.983575994318183;33.35465198863637;5165521.7950994335;1247946.999289773;4169331.4985795454;18133.655803632475;7654.93891094639;11788.507085686218;169.82386363636363
2048;Hamburg;2038;1.0;0.1477272727272727;15.068181818181817;3.545454545454545;18.61363636363636;39.793649384469695;9.613813920454547;32.11929450757575;4974206.173058713;1201726.7400568184;4014911.813446969;17462.038922016454;7371.422654985411;11351.895712142283;163.53409090909088
2048;Shanghai;2040;1.0;0.17045454545454544;17.386363636363637;4.090909090909091;21.477272727272727;45.915749289772734;11.092862215909092;37.06072443181818;5739468.661221593;1386607.7769886365;4632590.5539772725;20148.506448480526;8505.48767882932;13098.34120631802;188.6931818181818
2048;Provideniya;2041;1.0;0.09090909090909091;9.272727272727273;2.1818181818181817;11.454545454545455;24.488399621212125;5.916193181818183;19.7657196969697;3061049.9526515165;739524.1477272729;2470714.962121212;10745.870105856282;4536.260095375638;6985.781976702945;100.63636363636364
2048;Busan;2045;1.0;0.13068181818181815;13.329545454545451;3.136363636363636;16.465909090909086;35.20207445549242;8.504527698863637;28.413222064393935;4400259.306936554;1063065.9623579546;3551652.7580492413;15447.1882771684;6520.873887102479;10042.06159151048;144.6647727272727
2048;Jebel Ali;2045;1.0;0.15909090909090906;16.227272727272723;3.8181818181818175;20.045454545454543;42.85469933712121;10.353338068181818;34.590009469696966;5356837.417140152;1294167.2585227273;4323751.18371212;18805.27268524849;7938.455166907365;12225.11845923015;176.11363636363632
2049;Rotterdam;2037;1.0;0.1477272727272727;14.477272727272725;5.761363636363636;20.23863636363636;37.83318536931823;14.786961410984848;39.6859315814394;4729148.171164775;1848370.176373105;4960741.447679924;18597.494987529364;12426.248442025759;14026.165999550678;57.761363636363626
2049;Singapore;2038;1.0;0.1534090909090909;15.03409090909091;5.982954545454546;21.017045454545453;39.28830788352278;15.355690696022728;41.21231356534092;4911038.485440344;1919461.3370028401;5151539.195667614;19312.783256280498;12904.181074411366;14565.633922610321;59.98295454545455
2049;Hamburg;2038;1.0;0.1477272727272727;14.477272727272725;5.761363636363636;20.23863636363636;37.83318536931823;14.786961410984848;39.6859315814394;4729148.171164775;1848370.176373105;4960741.447679924;18597.494987529364;12426.248442025759;14026.165999550678;57.761363636363626
2049;Shanghai;2040;1.0;0.17045454545454544;16.704545454545453;6.6477272727272725;23.352272727272727;43.65367542613642;17.061878551136363;45.79145951704547;5456709.428267049;2132734.8188920445;5723932.439630682;21458.648062533885;14337.978971568184;16184.037691789244;66.64772727272727
2049;Provideniya;2041;1.0;0.09090909090909091;8.90909090909091;3.5454545454545454;12.454545454545455;23.28196022727276;9.09966856060606;24.42211174242425;2910245.0284090927;1137458.570075757;3052763.9678030307;11444.612300018072;7646.922118169699;8631.486768954264;35.54545454545455
2049;Busan;2045;1.0;0.13068181818181815;12.806818181818178;5.096590909090907;17.903409090909086;33.46781782670458;13.08077355587121;35.10678562973485;4183477.2283380697;1635096.6944839004;4388348.2037168555;16451.630181275974;10992.45054486894;12407.76223037175;51.0965909090909
2049;Jebel Ali;2045;1.0;0.15909090909090906;15.590909090909088;6.204545454545453;21.79545454545454;40.743430397727316;15.924419981060604;42.73869554924243;5092928.799715911;1990552.4976325745;5342336.943655303;20028.07152503162;13382.11370679697;15105.10184566996;62.204545454545446
2050;Rotterdam;2037;1.0;0.12264150943396228;10.301886792452832;7.113207547169812;17.415094339622645;27.08493022798738;18.757124606918243;38.36379716981133;3385616.278498422;2344640.575864781;4795474.6462264145;16201.919553164998;16297.52707649751;13558.885127154914;218.30188679245285
2050;Singapore;2038;1.0;0.12735849056603774;10.69811320754717;7.386792452830188;18.08490566037736;28.126658313679197;19.478552476415096;39.83932783018868;3515832.2892098995;2434819.0595518877;4979915.978773584;16825.070305209803;16924.355040978182;14080.380708968563;226.69811320754718
2050;Hamburg;2038;1.0;0.12264150943396228;10.301886792452832;7.113207547169812;17.415094339622645;27.08493022798738;18.757124606918243;38.36379716981133;3385616.278498422;2344640.575864781;4795474.6462264145;16201.919553164998;16297.52707649751;13558.885127154914;218.30188679245285
2050;Shanghai;2040;1.0;0.14150943396226415;11.88679245283019;8.20754716981132;20.09433962264151;31.25184257075466;21.64283608490566;44.26591981132076;3906480.3213443323;2705354.5106132086;5533239.976415093;18694.522561344227;18804.8389344202;15644.867454409514;251.88679245283018
2050;Provideniya;2041;1.0;0.07547169811320756;6.339622641509435;4.3773584905660385;10.716981132075473;16.667649371069157;11.542845911949687;23.60849056603774;2083456.1713836445;1442855.7389937115;2951061.3207547166;9970.412032716922;10029.247431690776;8343.92930901841;134.33962264150946
2050;Busan;2045;1.0;0.10849056603773584;9.11320754716981;6.292452830188679;15.405660377358489;23.959745970911907;16.592840998427672;33.93720518867924;2994968.246363988;2074105.12480346;4242150.648584904;14332.467297030573;14417.043183055486;11994.39838171396;193.1132075471698
2050;Jebel Ali;2045;1.0;0.1320754716981132;11.09433962264151;7.660377358490566;18.754716981132074;29.16838639937102;20.19998034591195;41.31485849056604;3646048.299921377;2524997.5432389947;5164357.311320754;17448.22105725461;17551.183005458854;14601.876290782213;235.0943396226415
2050;Los Angeles;2050;0.5;0.04481132075471698;3.7641509433962264;2.599056603773585;6.363207547169811;9.896416814072309;6.8535647602201255;14.017541273584905;1237052.1017590386;856695.595027516;1752192.6591981128;5919.932144425671;5954.865662566396;4954.208027229679;79.76415094339622
2050;Algeciras;2050;0.5;0.07075471698113207;5.943396226415095;4.10377358490566;10.047169811320755;15.62592128537733;10.82141804245283;22.13295990566038;1953240.1606721662;1352677.2553066043;2766619.9882075465;9347.261280672114;9402.4194672101;7822.433727204757;125.94339622641509
2050;Murmansk;2050;0.5;0.05424528301886792;4.556603773584905;3.1462264150943393;7.702830188679244;11.979872985455954;8.296420499213836;16.96860259433962;1497484.123181994;1037052.56240173;2121075.324292452;7166.233648515286;7208.521591527743;5997.19919085698;96.5566037735849
2051;Rotterdam;2037;1.0;0.11304347826086956;7.460869565217391;9.721739130434782;17.182608695652174;19.40138134057967;25.451562499999994;39.24168931159419;2425172.6675724625;3181445.3124999977;4905211.163949274;15852.338871912076;23019.61199689999;13869.157821272709;336.1913043478261
2051;Singapore;2038;1.0;0.11739130434782609;7.747826086956522;10.095652173913043;17.843478260869567;20.147588315217348;26.430468749999992;40.750985054347815;2518448.5394021724;3303808.5937499977;5093873.131793478;16462.044213139463;23904.98168908845;14402.586968244736;349.1217391304348
2051;Hamburg;2038;1.0;0.11304347826086956;7.460869565217391;9.721739130434782;17.182608695652174;19.40138134057967;25.451562499999994;39.24168931159419;2425172.6675724625;3181445.3124999977;4905211.163949274;15852.338871912076;23019.61199689999;13869.157821272709;336.1913043478261
2051;Shanghai;2040;1.0;0.13043478260869565;8.608695652173912;11.217391304347826;19.82608695652174;22.386209239130384;29.367187499999993;45.27887228260868;2798276.154891303;3670898.437499997;5659859.035326085;18291.160236821626;26561.090765653833;16002.874409160817;387.9130434782609
2051;Provideniya;2041;1.0;0.06956521739130435;4.591304347826087;5.982608695652174;10.57391304347826;11.939311594202872;15.662499999999996;24.148731884057966;1492413.9492753614;1957812.4999999984;3018591.4855072456;9755.2854596382;14165.915075015379;8534.866351552437;206.88695652173914
2051;Busan;2045;1.0;0.09999999999999999;6.6;8.6;15.2;17.16276041666663;22.514843749999994;34.71380208333332;2145345.052083332;2814355.4687499977;4339225.260416665;14023.222848229912;20363.502920334606;12268.870380356626;297.4
2051;Jebel Ali;2045;1.0;0.1217391304347826;8.034782608695652;10.469565217391304;18.504347826086956;20.893795289855024;27.40937499999999;42.26028079710144;2611724.4112318824;3426171.874999997;5282535.09963768;17071.74955436685;24790.35138127691;14936.016115216762;362.0521739130435
2051;Los Angeles;2050;0.75;0.061956521739130424;4.089130434782608;5.3282608695652165;9.417391304347824;10.63344938858693;13.949414062499994;21.50746433423912;1329181.1735733685;1743676.7578124984;2688433.04177989;8688.301112490271;12616.518113685568;7601.365344351387;184.25869565217388
2051;Algeciras;2050;0.75;0.09782608695652174;6.4565217391304355;8.41304347826087;14.869565217391305;16.78965692934779;22.025390624999996;33.959154211956516;2098707.116168477;2753173.828124998;4244894.2764945645;13718.37017761622;19920.818074240375;12002.155806870614;290.9347826086957
2051;Murmansk;2050;0.75;0.075;4.95;6.45;11.4;12.872070312499972;16.886132812499994;26.035351562499994;1609008.789062499;2110766.601562498;3254418.945312499;10517.417136172435;15272.627190250954;9201.65278526747;223.04999999999998
2052;Rotterdam;2037;1.0;0.10483870967741936;4.92741935483871;11.112903225806452;16.04032258064516;12.728074596774254;28.775768649193555;38.93911710349463;1591009.324596782;3596971.081149193;4867389.637936829;14668.669016693399;30299.849123720986;13762.219975831278;410.758064516129
2052;Singapore;2038;1.0;0.10887096774193548;5.116935483870968;11.540322580645162;16.657258064516128;13.217615927419416;29.882528981854843;40.43677545362904;1652201.9909274275;3735316.122731854;5054596.93170363;15232.848594258528;31465.227936171792;14291.536128747864;426.55645161290323
2052;Hamburg;2038;1.0;0.10483870967741936;4.92741935483871;11.112903225806452;16.04032258064516;12.728074596774254;28.775768649193555;38.93911710349463;1591009.324596782;3596971.081149193;4867389.637936829;14668.669016693399;30299.849123720986;13762.219975831278;410.758064516129
2052;Shanghai;2040;1.0;0.12096774193548386;5.685483870967741;12.82258064516129;18.508064516129032;14.686239919354906;33.20280997983871;44.929750504032256;1835779.9899193638;4150351.2474798374;5616218.813004033;16925.387326953918;34961.36437352421;15879.484587497627;473.9516129032258
2052;Provideniya;2041;1.0;0.06451612903225806;3.032258064516129;6.838709677419355;9.870967741935484;7.832661290322617;17.708165322580648;23.96253360215054;979082.6612903273;2213520.66532258;2995316.7002688176;9026.87324104209;18646.060999212914;8469.058446665402;252.7741935483871
2052;Busan;2045;1.0;0.09274193548387095;4.358870967741935;9.830645161290322;14.189516129032256;11.259450604838761;25.45548765120968;34.4461420530914;1407431.3256048455;3181935.9564012084;4305767.756636425;12976.130283998004;26803.71268636856;12174.271517081514;363.3629032258064
2052;Jebel Ali;2045;1.0;0.1129032258064516;5.306451612903225;11.967741935483868;17.274193548387093;13.707157258064578;30.98928931451613;41.93443380376344;1713394.6572580726;3873661.1643145145;5241804.22547043;15797.028171823657;32630.606748622595;14820.85228166445;442.3548387096774
2052;Los Angeles;2050;1.0;0.07661290322580644;3.6008064516129026;8.120967741935482;11.721774193548384;9.301285282258107;21.028446320564516;28.45550865255376;1162660.6602822635;2628555.7900705636;3556938.5815692204;10719.411973737482;22142.197436565333;10057.006905415163;300.16935483870964
2052;Algeciras;2050;1.0;0.12096774193548386;5.685483870967741;12.82258064516129;18.508064516129032;14.686239919354906;33.20280997983871;44.929750504032256;1835779.9899193638;4150351.2474798374;5616218.813004033;16925.387326953918;34961.36437352421;15879.484587497627;473.9516129032258
2052;Murmansk;2050;1.0;0.09274193548387095;4.358870967741935;9.830645161290322;14.189516129032256;11.259450604838761;25.45548765120968;34.4461420530914;1407431.3256048455;3181935.9564012084;4305767.756636425;12976.130283998004;26803.71268636856;12174.271517081514;363.3629032258064
2053;Rotterdam;2037;1.0;0.10483870967741936;3.564516129032258;13.20967741935484;16.774193548387096;9.135164650537625;35.063361055107535;40.76615003360215;1141895.5813172031;4382920.131888443;5095768.7542002695;15621.048411339894;40280.920268891976;14407.946714329179;812.2903225806452
2053;Singapore;2038;1.0;0.10887096774193548;3.7016129032258065;13.717741935483872;17.419354838709676;9.486517137096763;36.41195186491936;42.33407888104839;1185814.6421370953;4551493.983114921;5291759.860131049;16221.857965622197;41830.186433080125;14962.098511034146;843.5322580645161
2053;Hamburg;2038;1.0;0.10483870967741936;3.564516129032258;13.20967741935484;16.774193548387096;9.135164650537625;35.063361055107535;40.76615003360215;1141895.5813172031;4382920.131888443;5095768.7542002695;15621.048411339894;40280.920268891976;14407.946714329179;812.2903225806452
2053;Shanghai;2040;1.0;0.12096774193548386;4.112903225806451;15.241935483870966;19.354838709677416;10.540574596774182;40.45772429435484;47.037865423387096;1317571.8245967727;5057215.536794356;5879733.177923387;18024.286628469104;46477.98492564458;16624.55390114905;937.2580645161289
2053;Provideniya;2041;1.0;0.06451612903225806;2.193548387096774;8.129032258064516;10.32258064516129;5.621639784946231;21.577452956989248;25.086861559139784;702704.9731182788;2697181.619623657;3135857.694892473;9612.952868516857;24788.258627010444;8866.428747279495;499.8709677419355
2053;Busan;2045;1.0;0.09274193548387095;3.1532258064516125;11.68548387096774;14.838709677419352;8.081107190860205;31.017588625672044;36.06236349126344;1010138.3988575255;3877198.5782090058;4507795.436407929;13818.61974849298;35633.12177632751;12745.491324214272;718.5645161290322
2053;Jebel Ali;2045;1.0;0.1129032258064516;3.838709677419354;14.2258064516129;18.064516129032256;9.837869623655902;37.760542674731184;43.90200772849462;1229733.7029569875;4720067.834341398;5487750.966061828;16822.6675199045;43379.452597268275;15516.250307739112;874.774193548387
2053;Los Angeles;2050;1.0;0.07661290322580644;2.604838709677419;9.653225806451612;12.25806451612903;6.675697244623648;25.62322538642473;29.790648101478492;834462.1555779559;3202903.173303092;3723831.0126848114;11415.381531363766;29436.0571195749;10528.884137394398;593.5967741935483
2053;Algeciras;2050;1.0;0.12096774193548386;4.112903225806451;15.241935483870966;19.354838709677416;10.540574596774182;40.45772429435484;47.037865423387096;1317571.8245967727;5057215.536794356;5879733.177923387;18024.286628469104;46477.98492564458;16624.55390114905;937.2580645161289
2053;Murmansk;2050;1.0;0.09274193548387095;3.1532258064516125;11.68548387096774;14.838709677419352;8.081107190860205;31.017588625672044;36.06236349126344;1010138.3988575255;3877198.5782090058;4507795.436407929;13818.61974849298;35633.12177632751;12745.491324214272;718.5645161290322
2054;Rotterdam;2037;1.0;0.10483870967741936;2.2016129032258065;14.362903225806452;16.56451612903226;5.855678763440868;37.343329973118315;41.937285786290325;731959.8454301101;4667916.246639786;5242160.723286292;15267.789955027736;49770.266450018535;14821.860255491849;1249.3629032258066
2054;Singapore;2038;1.0;0.10887096774193548;2.286290322580645;14.915322580645162;17.201612903225808;6.080897177419363;38.77961189516133;43.550258316532265;760112.1471774221;4847451.486895163;5443782.289566533;15855.012645605726;51684.50746732694;15391.931803779997;1297.4153225806451
2054;Hamburg;2038;1.0;0.10483870967741936;2.2016129032258065;14.362903225806452;16.56451612903226;5.855678763440868;37.343329973118315;41.937285786290325;731959.8454301101;4667916.246639786;5242160.723286292;15267.789955027736;49770.266450018535;14821.860255491849;1249.3629032258066
2054;Shanghai;2040;1.0;0.12096774193548386;2.540322580645161;16.57258064516129;19.11290322580645;6.756552419354847;43.08845766129036;48.389175907258064;844569.0524193578;5386057.207661291;6048646.988407259;17616.680717339696;57427.230519252145;17102.14644864444;1441.5725806451612
2054;Provideniya;2041;1.0;0.06451612903225806;1.3548387096774193;8.838709677419354;10.193548387096774;3.603494623655919;22.980510752688193;25.80756048387097;450436.82795699086;2872563.844086022;3225945.0604838715;9395.563049247838;30627.856276934483;9121.144772610367;768.8387096774194
2054;Busan;2045;1.0;0.09274193548387095;1.94758064516129;12.70564516129032;14.65322580645161;5.180023521505382;33.034484206989276;37.09836819556451;647502.9401881743;4129310.5258736564;4637296.0244455645;13506.121883293765;44027.54339809331;13111.645610627402;1105.2056451612902
2054;Jebel Ali;2045;1.0;0.1129032258064516;2.3709677419354835;15.467741935483868;17.838709677419352;6.306115591397857;40.21589381720434;45.16323084677419;788264.4489247339;5026986.727150538;5645403.855846774;16442.235336183712;53598.74848463533;15962.00335206814;1345.4677419354837
2054;Los Angeles;2050;1.0;0.07661290322580644;1.6088709677419353;10.495967741935482;12.104838709677418;4.279149865591403;27.28935651881723;30.64647807459677;534893.7331989266;3411169.5648521506;3830809.7593245967;11157.231120981805;36370.57932885969;10831.35941747481;912.9959677419354
2054;Algeciras;2050;1.0;0.12096774193548386;2.540322580645161;16.57258064516129;19.11290322580645;6.756552419354847;43.08845766129036;48.389175907258064;844569.0524193578;5386057.207661291;6048646.988407259;17616.680717339696;57427.230519252145;17102.14644864444;1441.5725806451612
2054;Murmansk;2050;1.0;0.09274193548387095;1.94758064516129;12.70564516129032;14.65322580645161;5.180023521505382;33.034484206989276;37.09836819556451;647502.9401881743;4129310.5258736564;4637296.0244455645;13506.121883293765;44027.54339809331;13111.645610627402;1105.2056451612902
2055;Rotterdam;2037;1.0;0.09647495361781076;1.3506493506493507;13.699443413729128;15.05009276437848;3.3097943722943852;36.061282467532436;39.25359848484849;413724.29653679533;4507660.308441555;4906699.8106060615;13914.887148440905;53329.937791407065;13873.366870533386;1756.6159554730984
2055;Singapore;2038;1.0;0.10018552875695734;1.4025974025974028;14.226345083487942;15.628942486085345;3.4370941558441697;37.44825487012984;40.76335227272728;429636.7694805183;4681031.858766231;5095419.03409091;14450.075115688633;55381.08924492273;14406.95790401544;1824.1781076066793
2055;Hamburg;2038;1.0;0.09647495361781076;1.3506493506493507;13.699443413729128;15.05009276437848;3.3097943722943852;36.061282467532436;39.25359848484849;413724.29653679533;4507660.308441555;4906699.8106060615;13914.887148440905;53329.937791407065;13873.366870533386;1756.6159554730984
2055;Shanghai;2040;1.0;0.11131725417439703;1.5584415584415585;15.807050092764378;17.365491651205936;3.818993506493521;41.60917207792204;45.29261363636364;477374.1883116869;5201146.509740256;5661576.704545455;16055.639017431811;61534.54360546969;16007.731004461597;2026.864564007421
2055;Provideniya;2041;1.0;0.05936920222634509;0.8311688311688312;8.430426716141003;9.261595547309835;2.036796536796545;22.191558441558424;24.156060606060613;254599.5670995664;2773944.8051948035;3019507.5757575766;8563.007475963634;32818.423256250506;8537.456535712854;1080.9944341372914
2055;Busan;2045;1.0;0.08534322820037105;1.1948051948051948;12.118738404452689;13.313543599257883;2.927895021645033;31.900365259740227;34.72433712121212;365986.8777056266;3987545.6574675287;4340542.140151515;12309.32324669772;47176.48343086009;12272.593770087224;1553.929499072356
2055;Jebel Ali;2045;1.0;0.10389610389610389;1.4545454545454544;14.753246753246753;16.207792207792206;3.5643939393939528;38.83522727272724;42.27310606060606;445549.2424242411;4854403.4090909045;5284138.257575758;14985.263082936357;57432.24069843838;14940.54893749749;1891.7402597402597
2055;Los Angeles;2050;1.0;0.07050092764378478;0.9870129870129869;10.011131725417439;10.998144712430426;2.4186958874458964;26.352475649350623;28.68532196969697;302336.985930735;3294059.456168828;3585665.246212121;10168.571377706814;38971.87761679747;10138.22963615901;1283.6808905380333
2055;Algeciras;2050;1.0;0.11131725417439703;1.5584415584415585;15.807050092764378;17.365491651205936;3.818993506493521;41.60917207792204;45.29261363636364;477374.1883116869;5201146.509740256;5661576.704545455;16055.639017431811;61534.54360546969;16007.731004461597;2026.864564007421
2055;Murmansk;2050;1.0;0.08534322820037105;1.1948051948051948;12.118738404452689;13.313543599257883;2.927895021645033;31.900365259740227;34.72433712121212;365986.8777056266;3987545.6574675287;4340542.140151515;12309.32324669772;47176.48343086009;12272.593770087224;1553.929499072356
2055;Savannah;2055;0.5;0.0463821892393321;0.6493506493506493;6.586270871985159;7.2356215213358075;1.5912472943723006;17.337155032467518;18.87192234848485;198905.91179653624;2167144.37905844;2358990.2935606064;6689.849590596589;25639.393168945706;6669.8879185256665;844.5269016697589
2055;Santos;2055;0.5;0.03339517625231911;0.4675324675324675;4.742115027829313;5.209647495361781;1.1456980519480564;12.482751623376611;13.587784090909093;143212.25649350608;1560343.9529220767;1698473.0113636365;4816.691705229543;18460.363081640906;4802.319301338479;608.0593692022263
2056;Rotterdam;2037;1.0;0.09277430865298841;0.9277430865298841;14.101694915254239;15.029438001784122;2.5317239072256865;36.810622955694285;38.25422985429677;316465.488403208;4601327.869461787;4781778.731787095;13904.73313644722;56911.79837453564;13520.160841386829;2486.7225691347016
2056;Singapore;2038;1.0;0.09634255129348797;0.9634255129348797;14.644067796610171;15.60749330954505;2.6290979036574433;38.22641614629791;39.72554638715434;328637.2379571775;4778302.0182872405;4965693.298394291;14439.530564772112;59100.71369663316;14040.167027594014;2582.3657448706517
2056;Hamburg;2038;1.0;0.09277430865298841;0.9277430865298841;14.101694915254239;15.029438001784122;2.5317239072256865;36.810622955694285;38.25422985429677;316465.488403208;4601327.869461787;4781778.731787095;13904.73313644722;56911.79837453564;13520.160841386829;2486.7225691347016
2056;Shanghai;2040;1.0;0.10704727921498662;1.0704727921498662;16.271186440677965;17.341659232827833;2.9212198929527147;42.47379571810878;44.13949598572704;365152.4866190861;5309224.4647636;5517436.998215878;16043.922849746788;65667.45966292573;15600.18558621557;2869.2952720785015
2056;Provideniya;2041;1.0;0.05709188224799287;0.5709188224799288;8.677966101694917;9.248884924174845;1.5579839429081148;22.65269104965802;23.54106452572109;194747.99286351263;2831586.381207254;2942633.0657151355;8556.75885319829;35022.64515356039;8320.098979314971;1530.290811775201
2056;Busan;2045;1.0;0.08206958073148973;0.8206958073148973;12.47457627118644;13.295272078501338;2.2396019179304143;32.563243383883396;33.84028025572405;279950.2397412993;4070405.4229854266;4230035.031965506;12300.340851472538;50345.05240824306;11960.142282765268;2199.793041926851
2056;Jebel Ali;2045;1.0;0.09991079393398751;0.9991079393398751;15.186440677966102;16.185548617305976;2.7264719000892;39.64220933690153;41.196862920011895;340808.98751114705;4955276.167112693;5149607.865001487;14974.327993097002;61289.62901873068;14560.173213801198;2678.0089206066014
2056;Los Angeles;2050;1.0;0.06779661016949153;0.6779661016949152;10.305084745762711;10.983050847457626;1.850105932203386;26.900070621468895;27.95501412429379;231263.2415254212;3362508.8276836136;3494376.765536723;10161.151138172967;41589.39111985296;9880.117537936527;1817.2203389830509
2056;Algeciras;2050;1.0;0.10704727921498662;1.0704727921498662;16.271186440677965;17.341659232827833;2.9212198929527147;42.47379571810878;44.13949598572704;365152.4866190861;5309224.4647636;5517436.998215878;16043.922849746788;65667.45966292573;15600.18558621557;2869.2952720785015
2056;Murmansk;2050;1.0;0.08206958073148973;0.8206958073148973;12.47457627118644;13.295272078501338;2.2396019179304143;32.563243383883396;33.84028025572405;279950.2397412993;4070405.4229854266;4230035.031965506;12300.340851472538;50345.05240824306;11960.142282765268;2199.793041926851
2056;Savannah;2055;0.75;0.06690454950936664;0.6690454950936664;10.16949152542373;10.838537020517396;1.8257624330954467;26.546122323817993;27.587184991079397;228220.30413692884;3318265.2904772502;3448398.123884924;10027.451781091744;41042.16228932858;9750.115991384731;1793.3095450490634
2056;Santos;2055;0.75;0.048171275646743984;0.48171275646743983;7.322033898305086;7.803746654772525;1.3145489518287217;19.113208073148954;19.86277319357717;164318.61897858875;2389151.0091436203;2482846.6491971454;7219.765282386056;29550.35684831658;7020.083513797007;1291.1828724353259
2057;Rotterdam;2037;1.0;0.08934707903780069;0.35738831615120276;13.670103092783505;14.027491408934708;0.8078465063000909;35.370972938144384;37.002627434135164;100980.81328751655;4421371.617268047;4625328.429266896;12786.65025549956;58643.13666677244;13077.808032442406;2919.505154639175
2057;Singapore;2038;1.0;0.09278350515463918;0.3711340206185567;14.195876288659795;14.56701030927835;0.8389175257731712;36.731394974226866;38.42580541237113;104864.69072165179;4591424.371778357;4803225.676546392;13278.444496095697;60898.64192318677;13580.800649074807;3031.7938144329896
2057;Hamburg;2038;1.0;0.08934707903780069;0.35738831615120276;13.670103092783505;14.027491408934708;0.8078465063000909;35.370972938144384;37.002627434135164;100980.81328751655;4421371.617268047;4625328.429266896;12786.65025549956;58643.13666677244;13077.808032442406;2919.505154639175
2057;Shanghai;2040;1.0;0.10309278350515463;0.41237113402061853;15.773195876288659;16.185567010309278;0.9321305841924125;40.81266108247429;42.695339347079035;116516.32302405754;5101582.635309285;5336917.41838488;14753.827217884107;67665.15769242974;15089.778498972006;3368.6597938144328
2057;Provideniya;2041;1.0;0.054982817869415807;0.21993127147766323;8.412371134020619;8.632302405498281;0.49713631156928667;21.76675257731962;22.770847651775487;62142.03894616402;2720844.0721649523;2846355.956471936;7868.70784953819;36088.0841026292;8047.881866118403;1796.618556701031
2057;Busan;2045;1.0;0.07903780068728522;0.3161512027491409;12.092783505154639;12.40893470790378;0.7146334478808496;31.289706829896954;32.73309349942726;89329.18098511078;3911213.3537371187;4091636.687428408;11311.267533711149;51876.620897529465;11568.830182545204;2582.639175257732
2057;Jebel Ali;2045;1.0;0.09621993127147765;0.3848797250859106;14.721649484536082;15.106529209621991;0.8699885452462516;38.091817010309335;39.848983390607096;108748.56815578703;4761477.126288665;4981122.923825888;13770.238736691832;63154.14717960108;14083.793265707205;3144.0824742268037
2057;Los Angeles;2050;1.0;0.06529209621993126;0.26116838487972505;9.989690721649483;10.250859106529209;0.5903493699885278;25.848018685567048;27.040381586483385;73793.67124856976;3231002.33569588;3380047.6983104236;9344.0905713266;42854.59987187216;9556.859716015602;2133.484536082474
2057;Algeciras;2050;1.0;0.10309278350515463;0.41237113402061853;15.773195876288659;16.185567010309278;0.9321305841924125;40.81266108247429;42.695339347079035;116516.32302405754;5101582.635309285;5336917.41838488;14753.827217884107;67665.15769242974;15089.778498972006;3368.6597938144328
2057;Murmansk;2050;1.0;0.07903780068728522;0.3161512027491409;12.092783505154639;12.40893470790378;0.7146334478808496;31.289706829896954;32.73309349942726;89329.18098511078;3911213.3537371187;4091636.687428408;11311.267533711149;51876.620897529465;11568.830182545204;2582.639175257732
2057;Savannah;2055;1.0;0.0859106529209622;0.3436426116838488;13.144329896907216;13.487972508591065;0.7767754868270105;34.01055090206191;35.5794494558992;97096.93585338129;4251318.862757738;4447431.1819874;12294.856014903422;56387.63141035812;12574.815415810006;2807.216494845361
2057;Santos;2055;1.0;0.06185567010309278;0.24742268041237112;9.463917525773196;9.711340206185566;0.5592783505154475;24.487596649484573;25.617203608247422;69909.79381443452;3060949.581185571;3202150.4510309277;8852.296330730464;40599.09461545784;9053.867099383204;2021.1958762886597
2058;Rotterdam;2037;1.0;0.08934707903780069;0.26804123711340205;14.29553264604811;14.563573883161512;1.0098081328751263;37.66747207903779;37.20458906071019;126226.01660939069;4708434.009879725;4650573.632588774;13669.679179640218;61394.6870301312;13149.187163207362;3557.443298969072
2058;Singapore;2038;1.0;0.09278350515463918;0.27835051546391754;14.845360824742269;15.123711340206187;1.0486469072164772;39.116221005154635;38.63553479381443;131080.86340205956;4889527.62564433;4829441.849226804;14195.43607116484;63756.021146674706;13654.925131023028;3694.2680412371137
2058;Hamburg;2038;1.0;0.08934707903780069;0.26804123711340205;14.29553264604811;14.563573883161512;1.0098081328751263;37.66747207903779;37.20458906071019;126226.01660939069;4708434.009879725;4650573.632588774;13669.679179640218;61394.6870301312;13149.187163207362;3557.443298969072
2058;Shanghai;2040;1.0;0.10309278350515463;0.30927835051546393;16.49484536082474;16.804123711340207;1.1651632302405301;43.46246778350515;42.92837199312714;145645.40378006615;5432808.472938144;5366046.499140893;15772.706745738711;70840.02349630522;15172.13903447003;4104.7422680412365
2058;Provideniya;2041;1.0;0.054982817869415807;0.16494845360824742;8.79725085910653;8.962199312714777;0.6214203894616162;23.179982817869412;22.89513172966781;77677.54868270195;2897497.8522336767;2861891.466208476;8412.11026439398;37781.34586469612;8091.807485050684;2189.1958762886597
2058;Busan;2045;1.0;0.07903780068728522;0.23711340206185566;12.646048109965635;12.88316151202749;0.8932918098510731;33.32122530068728;32.91175186139748;111661.47623138406;4165153.1625859104;4113968.982674685;12092.408505066345;54310.68468050067;11631.973259760356;3146.969072164948
2058;Jebel Ali;2045;1.0;0.09621993127147765;0.28865979381443296;15.395189003436425;15.683848797250858;1.0874856815578282;40.56496993127147;40.06648052691866;135935.71019472842;5070621.241408934;5008310.065864833;14721.192962689463;66117.35526321821;14160.663098838695;3831.0927835051543
2058;Los Angeles;2050;1.0;0.06529209621993126;0.19587628865979378;10.446735395189002;10.642611683848795;0.737936712485669;27.526229596219924;27.18796892898052;92242.08906070856;3440778.699527491;3398496.116122565;9989.38093896785;44865.34821432664;9609.021388497686;2599.670103092783
2058;Algeciras;2050;1.0;0.10309278350515463;0.30927835051546393;16.49484536082474;16.804123711340207;1.1651632302405301;43.46246778350515;42.92837199312714;145645.40378006615;5432808.472938144;5366046.499140893;15772.706745738711;70840.02349630522;15172.13903447003;4104.7422680412365
2058;Murmansk;2050;1.0;0.07903780068728522;0.23711340206185566;12.646048109965635;12.88316151202749;0.8932918098510731;33.32122530068728;32.91175186139748;111661.47623138406;4165153.1625859104;4113968.982674685;12092.408505066345;54310.68468050067;11631.973259760356;3146.969072164948
2058;Savannah;2055;1.0;0.0859106529209622;0.25773195876288657;13.745704467353953;14.003436426116838;0.9709693585337752;36.21872315292096;35.77364332760595;121371.16981672181;4527340.39411512;4471705.415950744;13143.922288115593;59033.35291358769;12643.449195391693;3420.618556701031
2058;Santos;2055;1.0;0.06185567010309278;0.18556701030927833;9.896907216494844;10.082474226804123;0.6990979381443181;26.07748067010309;25.757023195876283;87387.2422680397;3259685.0837628865;3219627.8994845357;9463.624047443227;42504.01409778313;9103.283420682019;2462.845360824742
2059;Rotterdam;2037;1.0;0.08934707903780069;0.35738831615120276;14.116838487972508;14.474226804123711;0.6775486827033659;36.81565005727381;37.34009879725087;84693.58533791968;4601956.257159225;4667512.349656358;13251.190243623088;63158.442325807184;13197.080257398042;3788.762886597938
2059;Singapore;2038;1.0;0.09278350515463918;0.3711340206185567;14.659793814432991;15.030927835051546;0.7036082474227261;38.231636597938184;38.776256443298976;87951.03092783966;4778954.574742272;4847032.055412372;13760.851406839362;65587.61318449207;13704.660267297966;3934.4845360824743
2059;Hamburg;2038;1.0;0.08934707903780069;0.35738831615120276;14.116838487972508;14.474226804123711;0.6775486827033659;36.81565005727381;37.34009879725087;84693.58533791968;4601956.257159225;4667512.349656358;13251.190243623088;63158.442325807184;13197.080257398042;3788.762886597938
2059;Shanghai;2040;1.0;0.10309278350515463;0.41237113402061853;16.288659793814432;16.70103092783505;0.7817869415808067;42.47959621993132;43.0847293814433;97723.36769759962;5309949.527491412;5385591.172680412;15289.834896488179;72875.12576054674;15227.40029699774;4371.649484536082
2059;Provideniya;2041;1.0;0.054982817869415807;0.21993127147766323;8.687285223367697;8.907216494845361;0.4169530355097636;22.655784650630036;22.97852233676976;52119.1294387198;2831973.0813287534;2872315.2920962204;8154.5786114603625;38866.73373895827;8121.280158398795;2331.546391752577
2059;Busan;2045;1.0;0.07903780068728522;0.3161512027491409;12.487972508591065;12.804123711340205;0.5993699885452852;32.567690435280674;33.03162585910653;74921.2485681597;4070961.3044100828;4128953.2323883167;11722.206753974271;55870.929749752504;11674.340227698267;3351.59793814433
2059;Jebel Ali;2045;1.0;0.09621993127147765;0.3848797250859106;15.20274914089347;15.58762886597938;0.7296678121420863;39.64762313860256;40.21241408934708;91208.47651775964;4955952.8923253175;5026551.761168385;14270.512570055633;68016.78404317696;14212.240277197889;4080.20618556701
2059;Los Angeles;2050;1.0;0.06529209621993126;0.26116838487972505;10.31615120274914;10.577319587628864;0.49513172966784424;26.903744272623165;27.286995274914087;61891.46620847975;3362968.034077894;3410874.409364261;9683.562101109179;46154.24631501293;9644.020188098568;2768.711340206185
2059;Algeciras;2050;1.0;0.10309278350515463;0.41237113402061853;16.288659793814432;16.70103092783505;0.7817869415808067;42.47959621993132;43.0847293814433;97723.36769759962;5309949.527491412;5385591.172680412;15289.834896488179;72875.12576054674;15227.40029699774;4371.649484536082
2059;Murmansk;2050;1.0;0.07903780068728522;0.3161512027491409;12.487972508591065;12.804123711340205;0.5993699885452852;32.567690435280674;33.03162585910653;74921.2485681597;4070961.3044100828;4128953.2323883167;11722.206753974271;55870.929749752504;11674.340227698267;3351.59793814433
2059;Savannah;2055;1.0;0.0859106529209622;0.3436426116838488;13.573883161512027;13.917525773195877;0.6514891179840057;35.39966351660943;35.90394115120275;81436.13974799968;4424957.939576177;4487992.643900344;12741.529080406815;60729.27146712229;12689.500247498116;3643.041237113402
2059;Santos;2055;1.0;0.06185567010309278;0.24742268041237112;9.773195876288659;10.02061855670103;0.469072164948484;25.487757731958787;25.850837628865982;58634.02061855977;3185969.716494847;3231354.7036082475;9173.900937892908;43725.07545632804;9136.440178198643;2622.9896907216494
2060;Rotterdam;2037;1.0;0.0791476407914764;0.0791476407914764;12.347031963470318;12.426179604261796;0.07213977676304943;32.299863647894455;33.091958396752915;9017.472095381088;4037482.955986805;4136494.7995941145;11441.210415849846;56908.25527562781;11695.663506615525;3521.9908675799084
2060;Singapore;2038;1.0;0.0821917808219178;0.0821917808219178;12.821917808219178;12.904109589041095;0.07491438356162826;33.542166095890394;34.36472602739726;9364.297945203438;4192770.761986297;4295590.7534246575;11881.25697030561;59097.034324690416;12145.49671840843;3657.4520547945203
2060;Hamburg;2038;1.0;0.0791476407914764;0.0791476407914764;12.347031963470318;12.426179604261796;0.07213977676304943;32.299863647894455;33.091958396752915;9017.472095381088;4037482.955986805;4136494.7995941145;11441.210415849846;56908.25527562781;11695.663506615525;3521.9908675799084
2060;Shanghai;2040;1.0;0.091324200913242;0.091324200913242;14.246575342465754;14.337899543378995;0.08323820395736473;37.26907343987821;38.18302891933029;10404.775494670486;4658634.179984774;4772878.614916286;13201.396633672899;65663.37147187824;13494.996353787144;4063.835616438356
2060;Provideniya;2041;1.0;0.0487062404870624;0.0487062404870624;7.598173515981735;7.646879756468797;0.04439370877726119;19.876839167935046;20.364282090309487;5549.213597157593;2484604.8959918795;2545535.2612886857;7040.744871292213;35020.46478500173;7197.331388686477;2167.37899543379
2060;Busan;2045;1.0;0.0700152207001522;0.0700152207001522;10.922374429223744;10.992389649923895;0.06381595636731296;28.57295630390663;29.27365550481989;7976.99454591404;3571619.537988327;3659206.938102486;10121.070752482556;50341.91812843998;10346.163871236811;3115.607305936073
2060;Jebel Ali;2045;1.0;0.0852359208523592;0.0852359208523592;13.296803652968036;13.382039573820395;0.07768899036020709;34.784468543886334;35.637493658041606;9711.123795025787;4348058.56798579;4454686.7072552005;12321.303524761373;61285.81337375302;12595.329930201335;3792.9132420091323
2060;Los Angeles;2050;1.0;0.0578386605783866;0.0578386605783866;9.02283105022831;9.080669710806697;0.052717529172997664;23.603746511922868;24.182584982242517;6589.691146624641;2950468.3139903573;3022823.1227803146;8360.884534659503;41586.801932189555;8546.831024065192;2573.7625570776254
2060;Algeciras;2050;1.0;0.091324200913242;0.091324200913242;14.246575342465754;14.337899543378995;0.08323820395736473;37.26907343987821;38.18302891933029;10404.775494670486;4658634.179984774;4772878.614916286;13201.396633672899;65663.37147187824;13494.996353787144;4063.835616438356
2060;Murmansk;2050;1.0;0.0700152207001522;0.0700152207001522;10.922374429223744;10.992389649923895;0.06381595636731296;28.57295630390663;29.27365550481989;7976.99454591404;3571619.537988327;3659206.938102486;10121.070752482556;50341.91812843998;10346.163871236811;3115.607305936073
2060;Savannah;2055;1.0;0.076103500761035;0.076103500761035;11.87214611872146;11.948249619482496;0.0693651699644706;31.05756119989851;31.819190766108573;8670.646245558739;3882195.149987312;3977398.8457635716;11001.163861394083;54719.4762265652;11245.830294822621;3386.529680365297
2060;Santos;2055;1.0;0.0547945205479452;0.0547945205479452;8.54794520547945;8.602739726027396;0.04994292237441884;22.36144406392693;22.909817351598175;6242.865296802292;2795180.5079908646;2863727.1689497717;7920.83798020374;39398.02288312694;8096.997812272287;2438.3013698630134
2060;Melbourne;2060;0.5;0.0213089802130898;0.0213089802130898;3.324200913242009;3.3455098934550986;0.01942224759005177;8.696117135971583;8.909373414510402;2427.780948756447;1087014.6419964475;1113671.6768138001;3080.3258811903434;15321.453343438256;3148.8324825503337;948.2283105022831
2060;Durban;2060;0.5;0.0258751902587519;0.0258751902587519;4.036529680365296;4.062404870624048;0.02358415778792001;10.559570807965494;10.818524860476915;2948.019723489971;1319946.3509956861;1352315.6075596143;3740.3957128739885;18604.621917032167;3823.582300239691;1151.420091324201
2060;Tromsø;2060;0.5;0.030441400304414;0.030441400304414;4.748858447488584;4.779299847792998;0.027746067985788242;12.423024479959404;12.72767630644343;3468.2584982234953;1552878.0599949248;1590959.5383054288;4400.465544557634;21887.79049062608;4498.332117929048;1354.6118721461187
2060;Port Klang;2060;0.5;0.0365296803652968;0.0365296803652968;5.698630136986301;5.735159817351597;0.03329528158294589;14.907629375951286;15.273211567732115;4161.910197868195;1863453.6719939099;1909151.4459665145;5280.55865346916;26265.348588751294;5397.998541514858;1625.5342465753424
2061;Rotterdam;2037;1.0;0.07487401007919367;0.0;12.129589632829374;12.129589632829374;0.0;31.751454883609277;31.305135589152872;0.0;3968931.8604511586;3913141.948644109;11221.89045785265;54557.59648378198;11064.148198482939;3536.748740100792
2061;Singapore;2038;1.0;0.07775377969762419;0.0;12.59611231101512;12.59611231101512;0.0;32.97266468682501;32.50917926565875;0.0;4121583.085853126;4063647.4082073434;11653.501629308521;56655.965579312055;11489.692359963052;3672.777537796976
2061;Hamburg;2038;1.0;0.07487401007919367;0.0;12.129589632829374;12.129589632829374;0.0;31.751454883609277;31.305135589152872;0.0;3968931.8604511586;3913141.948644109;11221.89045785265;54557.59648378198;11064.148198482939;3536.748740100792
2061;Shanghai;2040;1.0;0.08639308855291576;0.0;13.995680345572353;13.995680345572353;0.0;36.636294096472234;36.121310295176386;0.0;4579536.762059029;4515163.786897048;12948.335143676133;62951.07286590228;12766.324844403389;4080.863930885529
2061;Provideniya;2041;1.0;0.04607631389488841;0.0;7.464362850971922;7.464362850971922;0.0;19.53935685145186;19.264698824094072;0.0;2442419.606431482;2408087.353011759;6905.778743293938;33573.90552848121;6808.706583681807;2176.460763138949
2061;Busan;2045;1.0;0.06623470122390208;0.0;10.730021598272138;10.730021598272138;0.0;28.08782547396205;27.693004559635227;0.0;3510978.1842452553;3461625.5699544037;9927.056943485035;48262.489197191746;9787.515714042598;3128.662347012239
2061;Jebel Ali;2045;1.0;0.08063354931605471;0.0;13.062634989200863;13.062634989200863;0.0;34.193874490040756;33.71322294216463;0.0;4274234.311255094;4214152.867770578;12085.112800764391;58754.334674842125;11915.236521443163;3808.80633549316
2061;Los Angeles;2050;1.0;0.05471562275017998;0.0;8.863930885529157;8.863930885529157;0.0;23.20298626109908;22.87682985361171;0.0;2900373.2826373847;2859603.7317014635;8200.61225766155;39869.01281507144;8085.339068122146;2584.5471562275015
2061;Algeciras;2050;1.0;0.08639308855291576;0.0;13.995680345572353;13.995680345572353;0.0;36.636294096472234;36.121310295176386;0.0;4579536.762059029;4515163.786897048;12948.335143676133;62951.07286590228;12766.324844403389;4080.863930885529
2061;Murmansk;2050;1.0;0.06623470122390208;0.0;10.730021598272138;10.730021598272138;0.0;28.08782547396205;27.693004559635227;0.0;3510978.1842452553;3461625.5699544037;9927.056943485035;48262.489197191746;9787.515714042598;3128.662347012239
2061;Savannah;2055;1.0;0.07199424046076314;0.0;11.663066954643629;11.663066954643629;0.0;30.53024508039353;30.10109191264699;0.0;3816280.635049191;3762636.489080874;10790.279286396779;52459.2273882519;10638.604037002824;3400.7199424046075
2061;Santos;2055;1.0;0.05183585313174946;0.0;8.397408207343412;8.397408207343412;0.0;21.981776457883342;21.67278617710583;0.0;2747722.0572354174;2709098.272138229;7769.001086205681;37770.64371954137;7659.794906642034;2448.5183585313175
2061;Melbourne;2060;0.75;0.030237580993520512;0.0;4.898488120950323;4.898488120950323;0.0;12.822702933765282;12.642458603311733;0.0;1602837.86672066;1580307.3254139666;4531.917300286646;22032.875503065792;4468.213695541185;1428.302375809935
2061;Durban;2060;0.75;0.036717062634989195;0.0;5.948164146868249;5.948164146868249;0.0;15.5704249910007;15.351556875449962;0.0;1946303.1238750871;1918944.6094312454;5503.0424360623565;26754.205968008464;5425.68805887144;1734.3671706263497
2061;Tromsø;2060;0.75;0.04319654427645788;0.0;6.9978401727861765;6.9978401727861765;0.0;18.318147048236117;18.060655147588193;0.0;2289768.3810295146;2257581.893448524;6474.167571838067;31475.53643295114;6383.162422201694;2040.4319654427645
2061;Port Klang;2060;0.75;0.05183585313174945;0.0;8.397408207343412;8.397408207343412;0.0;21.981776457883342;21.67278617710583;0.0;2747722.057235417;2709098.2721382286;7769.00108620568;37770.64371954136;7659.794906642033;2448.518358531317
2062;Rotterdam;2037;1.0;0.07103825136612021;0.0;11.153005464480874;11.153005464480874;0.0;28.765126935337;29.70138888888889;0.0;3595640.866917128;3712673.611111111;10166.435039208665;51989.64668634891;10497.337327659016;3347.96174863388
2062;Singapore;2038;1.0;0.07377049180327869;0.0;11.581967213114753;11.581967213114753;0.0;29.871477971311503;30.84375;0.0;3733934.746413941;3855468.75;10557.451771485923;53989.24848197772;10901.081071030518;3476.7295081967213
2062;Hamburg;2038;1.0;0.07103825136612021;0.0;11.153005464480874;11.153005464480874;0.0;28.765126935337;29.70138888888889;0.0;3595640.866917128;3712673.611111111;10166.435039208665;51989.64668634891;10497.337327659016;3347.96174863388
2062;Shanghai;2040;1.0;0.08196721311475409;0.0;12.868852459016393;12.868852459016393;0.0;33.190531079235;34.270833333333336;0.0;4148816.384904379;4283854.166666667;11730.50196831769;59988.053868864125;12112.312301145019;3863.0327868852455
2062;Provideniya;2041;1.0;0.04371584699453552;0.0;6.863387978142076;6.863387978142076;0.0;17.701616575592002;18.27777777777778;0.0;2212702.0719490023;2284722.2222222225;6256.267716436102;31993.628730060867;6459.899893944011;2060.2841530054643
2062;Busan;2045;1.0;0.0628415300546448;0.0;9.866120218579233;9.866120218579233;0.0;25.446073827413496;26.27430555555555;0.0;3180759.2284266897;3284288.194444444;8993.384842376896;45990.84129946249;9286.106097544513;2961.6584699453547
2062;Jebel Ali;2045;1.0;0.07650273224043715;0.0;12.010928961748633;12.010928961748633;0.0;30.977829007285997;31.986111111111107;0.0;3872228.6259107534;3998263.8888888885;10948.468503763177;55988.850277606514;11304.824814402016;3605.4972677595624
2062;Los Angeles;2050;1.0;0.051912568306010924;0.0;8.150273224043715;8.150273224043715;0.0;21.0206696835155;21.70486111111111;0.0;2627583.71043944;2713107.638888889;7429.317913267871;37992.434116947275;7671.131124058512;2446.587431693989
2062;Algeciras;2050;1.0;0.08196721311475409;0.0;12.868852459016393;12.868852459016393;0.0;33.190531079235;34.270833333333336;0.0;4148816.384904379;4283854.166666667;11730.50196831769;59988.053868864125;12112.312301145019;3863.0327868852455
2062;Murmansk;2050;1.0;0.0628415300546448;0.0;9.866120218579233;9.866120218579233;0.0;25.446073827413496;26.27430555555555;0.0;3180759.2284266897;3284288.194444444;8993.384842376896;45990.84129946249;9286.106097544513;2961.6584699453547
2062;Savannah;2055;1.0;0.06830601092896174;0.0;10.724043715846994;10.724043715846994;0.0;27.6587758993625;28.559027777777775;0.0;3457346.9874203154;3569878.472222222;9775.41830693141;49990.0448907201;10093.593584287515;3219.193989071038
2062;Santos;2055;1.0;0.04918032786885246;0.0;7.721311475409836;7.721311475409836;0.0;19.914318647541002;20.5625;0.0;2489289.8309426275;2570312.5;7038.301180990615;35992.83232131848;7267.3873806870115;2317.8196721311474
2062;Melbourne;2060;1.0;0.03825136612021857;0.0;6.005464480874316;6.005464480874316;0.0;15.488914503642999;15.993055555555554;0.0;1936114.3129553767;1999131.9444444443;5474.2342518815885;27994.425138803257;5652.412407201008;1802.7486338797812
2062;Durban;2060;1.0;0.046448087431693985;0.0;7.292349726775956;7.292349726775956;0.0;18.8079676115665;19.42013888888889;0.0;2350995.9514458147;2427517.361111111;6647.284448713358;33993.23052568967;6863.64363731551;2189.051912568306
2062;Tromsø;2060;1.0;0.0546448087431694;0.0;8.579234972677595;8.579234972677595;0.0;22.12702071949;22.84722222222222;0.0;2765877.5899362527;2855902.777777778;7820.334645545127;39992.03591257609;8074.874867430013;2575.3551912568305
2062;Port Klang;2060;1.0;0.06557377049180327;0.0;10.295081967213113;10.295081967213113;0.0;26.552424863387998;27.416666666666664;0.0;3319053.1079235026;3427083.333333333;9384.401574654152;47990.443095091294;9689.849840916015;3090.4262295081962
2063;Rotterdam;2037;1.0;0.07103825136612021;0.0;11.579234972677595;11.579234972677595;0.0;30.7516080373406;29.70138888888889;0.0;3843951.0046675755;3712673.611111111;10868.5154133205;52273.40798488172;10497.337327659016;3565.3387978142073
2063;Singapore;2038;1.0;0.07377049180327869;0.0;12.024590163934427;12.024590163934427;0.0;31.93436219262293;30.84375;0.0;3991795.274077867;3855468.75;11286.535236909749;54283.92367660794;10901.081071030518;3702.467213114754
2063;Hamburg;2038;1.0;0.07103825136612021;0.0;11.579234972677595;11.579234972677595;0.0;30.7516080373406;29.70138888888889;0.0;3843951.0046675755;3712673.611111111;10868.5154133205;52273.40798488172;10497.337327659016;3565.3387978142073
2063;Shanghai;2040;1.0;0.08196721311475409;0.0;13.360655737704917;13.360655737704917;0.0;35.48262465846992;34.270833333333336;0.0;4435328.08230874;4283854.166666667;12540.5947076775;60315.4707517866;12112.312301145019;4113.852459016393
2063;Provideniya;2041;1.0;0.04371584699453552;0.0;7.1256830601092895;7.1256830601092895;0.0;18.924066484517294;18.27777777777778;0.0;2365508.310564662;2284722.2222222225;6688.317177428;32168.25106761952;6459.899893944011;2194.054644808743
2063;Busan;2045;1.0;0.0628415300546448;0.0;10.243169398907101;10.243169398907101;0.0;27.203345571493603;26.27430555555555;0.0;3400418.196436701;3284288.194444444;9614.455942552748;46241.86090970305;9286.106097544513;3153.9535519125675
2063;Jebel Ali;2045;1.0;0.07650273224043715;0.0;12.469945355191255;12.469945355191255;0.0;33.11711634790526;31.986111111111107;0.0;4139639.543488158;3998263.8888888885;11704.555060498999;56294.439368334155;11304.824814402016;3839.5956284153
2063;Los Angeles;2050;1.0;0.051912568306010924;0.0;8.46174863387978;8.46174863387978;0.0;22.472328950364282;21.70486111111111;0.0;2809041.118795536;2713107.638888889;7942.376648195749;38199.79814279818;7671.131124058512;2605.4398907103823
2063;Algeciras;2050;1.0;0.08196721311475409;0.0;13.360655737704917;13.360655737704917;0.0;35.48262465846992;34.270833333333336;0.0;4435328.08230874;4283854.166666667;12540.5947076775;60315.4707517866;12112.312301145019;4113.852459016393
2063;Murmansk;2050;1.0;0.0628415300546448;0.0;10.243169398907101;10.243169398907101;0.0;27.203345571493603;26.27430555555555;0.0;3400418.196436701;3284288.194444444;9614.455942552748;46241.86090970305;9286.106097544513;3153.9535519125675
2063;Savannah;2055;1.0;0.06830601092896174;0.0;11.133879781420763;11.133879781420763;0.0;29.568853882058267;28.559027777777775;0.0;3696106.735257284;3569878.472222222;10450.495589731248;50262.8922931555;10093.593584287515;3428.210382513661
2063;Santos;2055;1.0;0.04918032786885246;0.0;8.01639344262295;8.01639344262295;0.0;21.289574795081954;20.5625;0.0;2661196.849385245;2570312.5;7524.3568246065;36189.28245107196;7267.3873806870115;2468.311475409836
2063;Melbourne;2060;1.0;0.03825136612021857;0.0;6.234972677595628;6.234972677595628;0.0;16.55855817395263;15.993055555555554;0.0;2069819.771744079;1999131.9444444443;5852.277530249499;28147.219684167078;5652.412407201008;1919.79781420765
2063;Durban;2060;1.0;0.046448087431693985;0.0;7.57103825136612;7.57103825136612;0.0;20.106820639799622;19.42013888888889;0.0;2513352.579974953;2427517.361111111;7106.337001017249;34178.76675934574;6863.64363731551;2331.1830601092893
2063;Tromsø;2060;1.0;0.0546448087431694;0.0;8.907103825136613;8.907103825136613;0.0;23.655083105646614;22.84722222222222;0.0;2956885.388205827;2855902.777777778;8360.396471785;40210.3138345244;8074.874867430013;2742.568306010929
2063;Port Klang;2060;1.0;0.06557377049180327;0.0;10.688524590163933;10.688524590163933;0.0;28.386099726775935;27.416666666666664;0.0;3548262.4658469926;3427083.333333333;10032.475766141999;48252.37660142928;9689.849840916015;3291.0819672131142
2064;Rotterdam;2037;1.0;0.07103825136612021;0.0;11.508196721311474;11.508196721311474;0.0;29.810166211293325;29.70138888888889;0.0;3726270.7764116633;3712673.611111111;10535.782406815079;52463.80266260696;10497.337327659016;3484.710382513661
2064;Singapore;2038;1.0;0.07377049180327869;0.0;11.950819672131148;11.950819672131148;0.0;30.95671106557384;30.84375;0.0;3869588.8831967274;3855468.75;10941.004807077197;54481.64122655339;10901.081071030518;3618.7377049180327
2064;Hamburg;2038;1.0;0.07103825136612021;0.0;11.508196721311474;11.508196721311474;0.0;29.810166211293325;29.70138888888889;0.0;3726270.7764116633;3712673.611111111;10535.782406815079;52463.80266260696;10497.337327659016;3484.710382513661
2064;Shanghai;2040;1.0;0.08196721311475409;0.0;13.278688524590162;13.278688524590162;0.0;34.396345628415375;34.270833333333336;0.0;4299543.203551919;4283854.166666667;12156.672007863552;60535.15691839265;12112.312301145019;4020.8196721311474
2064;Provideniya;2041;1.0;0.04371584699453552;0.0;7.081967213114754;7.081967213114754;0.0;18.3447176684882;18.27777777777778;0.0;2293089.7085610237;2284722.2222222225;6483.558404193895;32285.41702314275;6459.899893944011;2144.437158469945
2064;Busan;2045;1.0;0.0628415300546448;0.0;10.180327868852457;10.180327868852457;0.0;26.370531648451784;26.27430555555555;0.0;3296316.456056471;3284288.194444444;9320.115206028722;46410.286970767695;9286.106097544513;3082.628415300546
2064;Jebel Ali;2045;1.0;0.07650273224043715;0.0;12.393442622950818;12.393442622950818;0.0;32.10325591985435;31.986111111111107;0.0;4012906.989981791;3998263.8888888885;11346.227207339314;56499.479790499805;11304.824814402016;3752.765027322404
2064;Los Angeles;2050;1.0;0.051912568306010924;0.0;8.409836065573769;8.409836065573769;0.0;21.784352231329738;21.70486111111111;0.0;2723044.0289162155;2713107.638888889;7699.225604980249;38338.93271498201;7671.131124058512;2546.51912568306
2064;Algeciras;2050;1.0;0.08196721311475409;0.0;13.278688524590162;13.278688524590162;0.0;34.396345628415375;34.270833333333336;0.0;4299543.203551919;4283854.166666667;12156.672007863552;60535.15691839265;12112.312301145019;4020.8196721311474
2064;Murmansk;2050;1.0;0.0628415300546448;0.0;10.180327868852457;10.180327868852457;0.0;26.370531648451784;26.27430555555555;0.0;3296316.456056471;3284288.194444444;9320.115206028722;46410.286970767695;9286.106097544513;3082.628415300546
2064;Savannah;2055;1.0;0.06830601092896174;0.0;11.065573770491802;11.065573770491802;0.0;28.66362135701281;28.559027777777775;0.0;3582952.669626599;3569878.472222222;10130.56000655296;50445.96409866054;10093.593584287515;3350.6830601092893
2064;Santos;2055;1.0;0.04918032786885246;0.0;7.967213114754098;7.967213114754098;0.0;20.637807377049224;20.5625;0.0;2579725.9221311514;2570312.5;7294.003204718131;36321.09415103559;7267.3873806870115;2412.4918032786886
2064;Melbourne;2060;1.0;0.03825136612021857;0.0;6.196721311475409;6.196721311475409;0.0;16.051627959927174;15.993055555555554;0.0;2006453.4949908955;1999131.9444444443;5673.113603669657;28249.739895249902;5652.412407201008;1876.382513661202
2064;Durban;2060;1.0;0.046448087431693985;0.0;7.524590163934426;7.524590163934426;0.0;19.49126252276871;19.42013888888889;0.0;2436407.8153460873;2427517.361111111;6888.780804456012;34303.25558708917;6863.64363731551;2278.464480874317
2064;Tromsø;2060;1.0;0.0546448087431694;0.0;8.852459016393443;8.852459016393443;0.0;22.93089708561025;22.84722222222222;0.0;2866362.1357012796;2855902.777777778;8104.448005242368;40356.771278928434;8074.874867430013;2680.5464480874316
2064;Port Klang;2060;1.0;0.06557377049180327;0.0;10.622950819672129;10.622950819672129;0.0;27.517076502732298;27.416666666666664;0.0;3439634.562841535;3427083.333333333;9725.337606290841;48428.12553471411;9689.849840916015;3216.6557377049176
2065;Rotterdam;2037;1.0;0.07103825136612021;0.0;11.153005464480874;11.153005464480874;0.0;29.055199795081936;29.70138888888889;0.0;3631899.9743852406;3712673.611111111;10268.955250291461;52486.68663829508;10497.337327659016;3451.2513661202183
2065;Singapore;2038;1.0;0.07377049180327869;0.0;11.581967213114753;11.581967213114753;0.0;30.172707479508166;30.84375;0.0;3771588.434938519;3855468.75;10663.915067610364;54505.40535515259;10901.081071030518;3583.9918032786886
2065;Hamburg;2038;1.0;0.07103825136612021;0.0;11.153005464480874;11.153005464480874;0.0;29.055199795081936;29.70138888888889;0.0;3631899.9743852406;3712673.611111111;10268.955250291461;52486.68663829508;10497.337327659016;3451.2513661202183
2065;Shanghai;2040;1.0;0.08196721311475409;0.0;12.868852459016393;12.868852459016393;0.0;33.52523053278685;34.270833333333336;0.0;4190653.8165983544;4283854.166666667;11848.794519567069;60561.56150572509;12112.312301145019;3982.213114754098
2065;Provideniya;2041;1.0;0.04371584699453552;0.0;6.863387978142076;6.863387978142076;0.0;17.880122950819654;18.27777777777778;0.0;2235015.3688524556;2284722.2222222225;6319.357077102438;32299.499469720053;6459.899893944011;2123.846994535519
2065;Busan;2045;1.0;0.0628415300546448;0.0;9.866120218579233;9.866120218579233;0.0;25.70267674180325;26.27430555555555;0.0;3212834.5927254045;3284288.194444444;9084.075798334752;46430.530487722564;9286.106097544513;3053.030054644808
2065;Jebel Ali;2045;1.0;0.07650273224043715;0.0;12.010928961748633;12.010928961748633;0.0;31.29021516393439;31.986111111111107;0.0;3911276.895491797;3998263.8888888885;11058.874884929264;56524.12407201008;11304.824814402016;3716.732240437158
2065;Los Angeles;2050;1.0;0.051912568306010924;0.0;8.150273224043715;8.150273224043715;0.0;21.23264600409834;21.70486111111111;0.0;2654080.7505122907;2713107.638888889;7504.236529059144;38355.65562029256;7671.131124058512;2522.0683060109286
2065;Algeciras;2050;1.0;0.08196721311475409;0.0;12.868852459016393;12.868852459016393;0.0;33.52523053278685;34.270833333333336;0.0;4190653.8165983544;4283854.166666667;11848.794519567069;60561.56150572509;12112.312301145019;3982.213114754098
2065;Murmansk;2050;1.0;0.0628415300546448;0.0;9.866120218579233;9.866120218579233;0.0;25.70267674180325;26.27430555555555;0.0;3212834.5927254045;3284288.194444444;9084.075798334752;46430.530487722564;9286.106097544513;3053.030054644808
2065;Savannah;2055;1.0;0.06830601092896174;0.0;10.724043715846994;10.724043715846994;0.0;27.937692110655707;28.559027777777775;0.0;3492211.513831962;3569878.472222222;9873.995432972557;50467.96792143757;10093.593584287515;3318.510928961748
2065;Santos;2055;1.0;0.04918032786885246;0.0;7.721311475409836;7.721311475409836;0.0;20.115138319672113;20.5625;0.0;2514392.2899590125;2570312.5;7109.276711740242;36336.93690343506;7267.3873806870115;2389.327868852459
2065;Melbourne;2060;1.0;0.03825136612021857;0.0;6.005464480874316;6.005464480874316;0.0;15.645107581967196;15.993055555555554;0.0;1955638.4477458985;1999131.9444444443;5529.437442464632;28262.06203600504;5652.412407201008;1858.366120218579
2065;Durban;2060;1.0;0.046448087431693985;0.0;7.292349726775956;7.292349726775956;0.0;18.99763063524588;19.42013888888889;0.0;2374703.829405734;2427517.361111111;6714.316894421339;34318.21818657755;6863.64363731551;2256.587431693989
2065;Tromsø;2060;1.0;0.0546448087431694;0.0;8.579234972677595;8.579234972677595;0.0;22.350153688524568;22.84722222222222;0.0;2793769.2110655694;2855902.777777778;7899.196346378047;40374.37433715006;8074.874867430013;2654.808743169399
2065;Port Klang;2060;1.0;0.06557377049180327;0.0;10.295081967213113;10.295081967213113;0.0;26.820184426229478;27.416666666666664;0.0;3352523.053278683;3427083.333333333;9479.035615653655;48449.24920458007;9689.849840916015;3185.770491803278
2066;Rotterdam;2037;1.0;0.07103825136612021;0.0;11.508196721311474;11.508196721311474;0.0;30.124843465391585;29.70138888888889;0.0;3765605.4331739475;3712673.611111111;10646.998528659378;52486.68663829508;10497.337327659016;3586.295081967213
2066;Singapore;2038;1.0;0.07377049180327869;0.0;11.950819672131148;11.950819672131148;0.0;31.28349129098357;30.84375;0.0;3910436.4113729456;3855468.75;11056.498472069354;54505.40535515259;10901.081071030518;3724.2295081967213
2066;Hamburg;2038;1.0;0.07103825136612021;0.0;11.508196721311474;11.508196721311474;0.0;30.124843465391585;29.70138888888889;0.0;3765605.4331739475;3712673.611111111;10646.998528659378;52486.68663829508;10497.337327659016;3586.295081967213
2066;Shanghai;2040;1.0;0.08196721311475409;0.0;13.278688524590162;13.278688524590162;0.0;34.75943476775952;34.270833333333336;0.0;4344929.345969939;4283854.166666667;12284.998302299282;60561.56150572509;12112.312301145019;4138.0327868852455
2066;Provideniya;2041;1.0;0.04371584699453552;0.0;7.081967213114754;7.081967213114754;0.0;18.538365209471745;18.27777777777778;0.0;2317295.6511839675;2284722.2222222225;6551.999094559617;32299.499469720053;6459.899893944011;2206.9508196721313
2066;Busan;2045;1.0;0.0628415300546448;0.0;10.180327868852457;10.180327868852457;0.0;26.64889998861563;26.27430555555555;0.0;3331112.498576953;3284288.194444444;9418.498698429448;46430.530487722564;9286.106097544513;3172.4918032786877
2066;Jebel Ali;2045;1.0;0.07650273224043715;0.0;12.393442622950818;12.393442622950818;0.0;32.44213911657555;31.986111111111107;0.0;4055267.389571943;3998263.8888888885;11465.99841547933;56524.12407201008;11304.824814402016;3862.163934426229
2066;Los Angeles;2050;1.0;0.051912568306010924;0.0;8.409836065573769;8.409836065573769;0.0;22.014308686247695;21.70486111111111;0.0;2751788.5857809614;2713107.638888889;7780.4989247895455;38355.65562029256;7671.131124058512;2620.7540983606555
2066;Algeciras;2050;1.0;0.08196721311475409;0.0;13.278688524590162;13.278688524590162;0.0;34.75943476775952;34.270833333333336;0.0;4344929.345969939;4283854.166666667;12284.998302299282;60561.56150572509;12112.312301145019;4138.0327868852455
2066;Murmansk;2050;1.0;0.0628415300546448;0.0;10.180327868852457;10.180327868852457;0.0;26.64889998861563;26.27430555555555;0.0;3331112.498576953;3284288.194444444;9418.498698429448;46430.530487722564;9286.106097544513;3172.4918032786877
2066;Savannah;2055;1.0;0.06830601092896174;0.0;11.065573770491802;11.065573770491802;0.0;28.966195639799597;28.559027777777775;0.0;3620774.4549749494;3569878.472222222;10237.498585249401;50467.96792143757;10093.593584287515;3448.3606557377047
2066;Santos;2055;1.0;0.04918032786885246;0.0;7.967213114754098;7.967213114754098;0.0;20.855660860655714;20.5625;0.0;2606957.6075819638;2570312.5;7370.99898137957;36336.93690343506;7267.3873806870115;2482.8196721311474
2066;Melbourne;2060;1.0;0.03825136612021857;0.0;6.196721311475409;6.196721311475409;0.0;16.221069558287773;15.993055555555554;0.0;2027633.6947859714;1999131.9444444443;5732.999207739665;28262.06203600504;5652.412407201008;1931.0819672131145
2066;Durban;2060;1.0;0.046448087431693985;0.0;7.524590163934426;7.524590163934426;0.0;19.697013035063726;19.42013888888889;0.0;2462126.6293829656;2427517.361111111;6961.499037969593;34318.21818657755;6863.64363731551;2344.8852459016393
2066;Tromsø;2060;1.0;0.0546448087431694;0.0;8.852459016393443;8.852459016393443;0.0;23.17295651183968;22.84722222222222;0.0;2896619.5639799596;2855902.777777778;8189.998868199522;40374.37433715006;8074.874867430013;2758.688524590164
2066;Port Klang;2060;1.0;0.06557377049180327;0.0;10.622950819672129;10.622950819672129;0.0;27.807547814207613;27.416666666666664;0.0;3475943.476775951;3427083.333333333;9827.998641839426;48449.24920458007;9689.849840916015;3310.4262295081962
2067;Rotterdam;2037;1.0;0.07103825136612021;0.0;11.153005464480874;11.153005464480874;0.0;28.765126935337;29.70138888888889;0.0;3595640.866917128;3712673.611111111;10166.435039208665;52486.68663829508;10497.337327659016;3424.469945355191
2067;Singapore;2038;1.0;0.07377049180327869;0.0;11.581967213114753;11.581967213114753;0.0;29.871477971311503;30.84375;0.0;3733934.746413941;3855468.75;10557.451771485923;54505.40535515259;10901.081071030518;3556.1803278688526
2067;Hamburg;2038;1.0;0.07103825136612021;0.0;11.153005464480874;11.153005464480874;0.0;28.765126935337;29.70138888888889;0.0;3595640.866917128;3712673.611111111;10166.435039208665;52486.68663829508;10497.337327659016;3424.469945355191
2067;Shanghai;2040;1.0;0.08196721311475409;0.0;12.868852459016393;12.868852459016393;0.0;33.190531079235;34.270833333333336;0.0;4148816.384904379;4283854.166666667;11730.50196831769;60561.56150572509;12112.312301145019;3951.3114754098356
2067;Provideniya;2041;1.0;0.04371584699453552;0.0;6.863387978142076;6.863387978142076;0.0;17.701616575592002;18.27777777777778;0.0;2212702.0719490023;2284722.2222222225;6256.267716436102;32299.499469720053;6459.899893944011;2107.3661202185795
2067;Busan;2045;1.0;0.0628415300546448;0.0;9.866120218579233;9.866120218579233;0.0;25.446073827413496;26.27430555555555;0.0;3180759.2284266897;3284288.194444444;8993.384842376896;46430.530487722564;9286.106097544513;3029.338797814207
2067;Jebel Ali;2045;1.0;0.07650273224043715;0.0;12.010928961748633;12.010928961748633;0.0;30.977829007285997;31.986111111111107;0.0;3872228.6259107534;3998263.8888888885;10948.468503763177;56524.12407201008;11304.824814402016;3687.890710382513
2067;Los Angeles;2050;1.0;0.051912568306010924;0.0;8.150273224043715;8.150273224043715;0.0;21.0206696835155;21.70486111111111;0.0;2627583.71043944;2713107.638888889;7429.317913267871;38355.65562029256;7671.131124058512;2502.4972677595624
2067;Algeciras;2050;1.0;0.08196721311475409;0.0;12.868852459016393;12.868852459016393;0.0;33.190531079235;34.270833333333336;0.0;4148816.384904379;4283854.166666667;11730.50196831769;60561.56150572509;12112.312301145019;3951.3114754098356
2067;Murmansk;2050;1.0;0.0628415300546448;0.0;9.866120218579233;9.866120218579233;0.0;25.446073827413496;26.27430555555555;0.0;3180759.2284266897;3284288.194444444;8993.384842376896;46430.530487722564;9286.106097544513;3029.338797814207
2067;Savannah;2055;1.0;0.06830601092896174;0.0;10.724043715846994;10.724043715846994;0.0;27.6587758993625;28.559027777777775;0.0;3457346.9874203154;3569878.472222222;9775.41830693141;50467.96792143757;10093.593584287515;3292.7595628415297
2067;Santos;2055;1.0;0.04918032786885246;0.0;7.721311475409836;7.721311475409836;0.0;19.914318647541002;20.5625;0.0;2489289.8309426275;2570312.5;7038.301180990615;36336.93690343506;7267.3873806870115;2370.7868852459014
2067;Melbourne;2060;1.0;0.03825136612021857;0.0;6.005464480874316;6.005464480874316;0.0;15.488914503642999;15.993055555555554;0.0;1936114.3129553767;1999131.9444444443;5474.2342518815885;28262.06203600504;5652.412407201008;1843.9453551912566
2067;Durban;2060;1.0;0.046448087431693985;0.0;7.292349726775956;7.292349726775956;0.0;18.8079676115665;19.42013888888889;0.0;2350995.9514458147;2427517.361111111;6647.284448713358;34318.21818657755;6863.64363731551;2239.0765027322404
2067;Tromsø;2060;1.0;0.0546448087431694;0.0;8.579234972677595;8.579234972677595;0.0;22.12702071949;22.84722222222222;0.0;2765877.5899362527;2855902.777777778;7820.334645545127;40374.37433715006;8074.874867430013;2634.207650273224
2067;Port Klang;2060;1.0;0.06557377049180327;0.0;10.295081967213113;10.295081967213113;0.0;26.552424863387998;27.416666666666664;0.0;3319053.1079235026;3427083.333333333;9384.401574654152;48449.24920458007;9689.849840916015;3161.0491803278683
2068;Rotterdam;2037;1.0;0.07103825136612021;0.0;11.579234972677595;11.579234972677595;0.0;30.7516080373406;29.70138888888889;0.0;3843951.0046675755;3712673.611111111;10868.5154133205;52486.68663829508;10497.337327659016;3660.956284153005
2068;Singapore;2038;1.0;0.07377049180327869;0.0;12.024590163934427;12.024590163934427;0.0;31.93436219262293;30.84375;0.0;3991795.274077867;3855468.75;11286.535236909749;54505.40535515259;10901.081071030518;3801.7622950819673
2068;Hamburg;2038;1.0;0.07103825136612021;0.0;11.579234972677595;11.579234972677595;0.0;30.7516080373406;29.70138888888889;0.0;3843951.0046675755;3712673.611111111;10868.5154133205;52486.68663829508;10497.337327659016;3660.956284153005
2068;Shanghai;2040;1.0;0.08196721311475409;0.0;13.360655737704917;13.360655737704917;0.0;35.48262465846992;34.270833333333336;0.0;4435328.08230874;4283854.166666667;12540.5947076775;60561.56150572509;12112.312301145019;4224.180327868852
2068;Provideniya;2041;1.0;0.04371584699453552;0.0;7.1256830601092895;7.1256830601092895;0.0;18.924066484517294;18.27777777777778;0.0;2365508.310564662;2284722.2222222225;6688.317177428;32299.499469720053;6459.899893944011;2252.896174863388
2068;Busan;2045;1.0;0.0628415300546448;0.0;10.243169398907101;10.243169398907101;0.0;27.203345571493603;26.27430555555555;0.0;3400418.196436701;3284288.194444444;9614.455942552748;46430.530487722564;9286.106097544513;3238.5382513661193
2068;Jebel Ali;2045;1.0;0.07650273224043715;0.0;12.469945355191255;12.469945355191255;0.0;33.11711634790526;31.986111111111107;0.0;4139639.543488158;3998263.8888888885;11704.555060498999;56524.12407201008;11304.824814402016;3942.568306010928
2068;Los Angeles;2050;1.0;0.051912568306010924;0.0;8.46174863387978;8.46174863387978;0.0;22.472328950364282;21.70486111111111;0.0;2809041.118795536;2713107.638888889;7942.376648195749;38355.65562029256;7671.131124058512;2675.314207650273
2068;Algeciras;2050;1.0;0.08196721311475409;0.0;13.360655737704917;13.360655737704917;0.0;35.48262465846992;34.270833333333336;0.0;4435328.08230874;4283854.166666667;12540.5947076775;60561.56150572509;12112.312301145019;4224.180327868852
2068;Murmansk;2050;1.0;0.0628415300546448;0.0;10.243169398907101;10.243169398907101;0.0;27.203345571493603;26.27430555555555;0.0;3400418.196436701;3284288.194444444;9614.455942552748;46430.530487722564;9286.106097544513;3238.5382513661193
2068;Savannah;2055;1.0;0.06830601092896174;0.0;11.133879781420763;11.133879781420763;0.0;29.568853882058267;28.559027777777775;0.0;3696106.735257284;3569878.472222222;10450.495589731248;50467.96792143757;10093.593584287515;3520.1502732240433
2068;Santos;2055;1.0;0.04918032786885246;0.0;8.01639344262295;8.01639344262295;0.0;21.289574795081954;20.5625;0.0;2661196.849385245;2570312.5;7524.3568246065;36336.93690343506;7267.3873806870115;2534.5081967213114
2068;Melbourne;2060;1.0;0.03825136612021857;0.0;6.234972677595628;6.234972677595628;0.0;16.55855817395263;15.993055555555554;0.0;2069819.771744079;1999131.9444444443;5852.277530249499;28262.06203600504;5652.412407201008;1971.284153005464
2068;Durban;2060;1.0;0.046448087431693985;0.0;7.57103825136612;7.57103825136612;0.0;20.106820639799622;19.42013888888889;0.0;2513352.579974953;2427517.361111111;7106.337001017249;34318.21818657755;6863.64363731551;2393.7021857923496
2068;Tromsø;2060;1.0;0.0546448087431694;0.0;8.907103825136613;8.907103825136613;0.0;23.655083105646614;22.84722222222222;0.0;2956885.388205827;2855902.777777778;8360.396471785;40374.37433715006;8074.874867430013;2816.120218579235
2068;Port Klang;2060;1.0;0.06557377049180327;0.0;10.688524590163933;10.688524590163933;0.0;28.386099726775935;27.416666666666664;0.0;3548262.4658469926;3427083.333333333;10032.475766141999;48449.24920458007;9689.849840916015;3379.3442622950815
2069;Rotterdam;2037;1.0;0.07103825136612021;0.0;11.508196721311474;11.508196721311474;0.0;29.810166211293325;29.70138888888889;0.0;3726270.7764116633;3712673.611111111;10535.782406815079;52486.68663829508;10497.337327659016;3548.8579234972676
2069;Singapore;2038;1.0;0.07377049180327869;0.0;11.950819672131148;11.950819672131148;0.0;30.95671106557384;30.84375;0.0;3869588.8831967274;3855468.75;10941.004807077197;54505.40535515259;10901.081071030518;3685.3524590163934
2069;Hamburg;2038;1.0;0.07103825136612021;0.0;11.508196721311474;11.508196721311474;0.0;29.810166211293325;29.70138888888889;0.0;3726270.7764116633;3712673.611111111;10535.782406815079;52486.68663829508;10497.337327659016;3548.8579234972676
2069;Shanghai;2040;1.0;0.08196721311475409;0.0;13.278688524590162;13.278688524590162;0.0;34.396345628415375;34.270833333333336;0.0;4299543.203551919;4283854.166666667;12156.672007863552;60561.56150572509;12112.312301145019;4094.83606557377
2069;Provideniya;2041;1.0;0.04371584699453552;0.0;7.081967213114754;7.081967213114754;0.0;18.3447176684882;18.27777777777778;0.0;2293089.7085610237;2284722.2222222225;6483.558404193895;32299.499469720053;6459.899893944011;2183.912568306011
2069;Busan;2045;1.0;0.0628415300546448;0.0;10.180327868852457;10.180327868852457;0.0;26.370531648451784;26.27430555555555;0.0;3296316.456056471;3284288.194444444;9320.115206028722;46430.530487722564;9286.106097544513;3139.37431693989
2069;Jebel Ali;2045;1.0;0.07650273224043715;0.0;12.393442622950818;12.393442622950818;0.0;32.10325591985435;31.986111111111107;0.0;4012906.989981791;3998263.8888888885;11346.227207339314;56524.12407201008;11304.824814402016;3821.8469945355187
2069;Los Angeles;2050;1.0;0.051912568306010924;0.0;8.409836065573769;8.409836065573769;0.0;21.784352231329738;21.70486111111111;0.0;2723044.0289162155;2713107.638888889;7699.225604980249;38355.65562029256;7671.131124058512;2593.396174863388
2069;Algeciras;2050;1.0;0.08196721311475409;0.0;13.278688524590162;13.278688524590162;0.0;34.396345628415375;34.270833333333336;0.0;4299543.203551919;4283854.166666667;12156.672007863552;60561.56150572509;12112.312301145019;4094.83606557377
2069;Murmansk;2050;1.0;0.0628415300546448;0.0;10.180327868852457;10.180327868852457;0.0;26.370531648451784;26.27430555555555;0.0;3296316.456056471;3284288.194444444;9320.115206028722;46430.530487722564;9286.106097544513;3139.37431693989
2069;Savannah;2055;1.0;0.06830601092896174;0.0;11.065573770491802;11.065573770491802;0.0;28.66362135701281;28.559027777777775;0.0;3582952.669626599;3569878.472222222;10130.56000655296;50467.96792143757;10093.593584287515;3412.363387978142
2069;Santos;2055;1.0;0.04918032786885246;0.0;7.967213114754098;7.967213114754098;0.0;20.637807377049224;20.5625;0.0;2579725.9221311514;2570312.5;7294.003204718131;36336.93690343506;7267.3873806870115;2456.901639344262
2069;Melbourne;2060;1.0;0.03825136612021857;0.0;6.196721311475409;6.196721311475409;0.0;16.051627959927174;15.993055555555554;0.0;2006453.4949908955;1999131.9444444443;5673.113603669657;28262.06203600504;5652.412407201008;1910.9234972677593
2069;Durban;2060;1.0;0.046448087431693985;0.0;7.524590163934426;7.524590163934426;0.0;19.49126252276871;19.42013888888889;0.0;2436407.8153460873;2427517.361111111;6888.780804456012;34318.21818657755;6863.64363731551;2320.4071038251363
2069;Tromsø;2060;1.0;0.0546448087431694;0.0;8.852459016393443;8.852459016393443;0.0;22.93089708561025;22.84722222222222;0.0;2866362.1357012796;2855902.777777778;8104.448005242368;40374.37433715006;8074.874867430013;2729.8907103825136
2069;Port Klang;2060;1.0;0.06557377049180327;0.0;10.622950819672129;10.622950819672129;0.0;27.517076502732298;27.416666666666664;0.0;3439634.562841535;3427083.333333333;9725.337606290841;48449.24920458007;9689.849840916015;3275.8688524590157
2070;Rotterdam;2037;1.0;0.07103825136612021;0.0;11.153005464480874;11.153005464480874;0.0;29.055199795081936;29.70138888888889;0.0;3631899.9743852406;3712673.611111111;10268.955250291461;52486.68663829508;10497.337327659016;3458.9945355191253
2070;Singapore;2038;1.0;0.07377049180327869;0.0;11.581967213114753;11.581967213114753;0.0;30.172707479508166;30.84375;0.0;3771588.434938519;3855468.75;10663.915067610364;54505.40535515259;10901.081071030518;3592.032786885246
2070;Hamburg;2038;1.0;0.07103825136612021;0.0;11.153005464480874;11.153005464480874;0.0;29.055199795081936;29.70138888888889;0.0;3631899.9743852406;3712673.611111111;10268.955250291461;52486.68663829508;10497.337327659016;3458.9945355191253
2070;Shanghai;2040;1.0;0.08196721311475409;0.0;12.868852459016393;12.868852459016393;0.0;33.52523053278685;34.270833333333336;0.0;4190653.8165983544;4283854.166666667;11848.794519567069;60561.56150572509;12112.312301145019;3991.147540983606
2070;Provideniya;2041;1.0;0.04371584699453552;0.0;6.863387978142076;6.863387978142076;0.0;17.880122950819654;18.27777777777778;0.0;2235015.3688524556;2284722.2222222225;6319.357077102438;32299.499469720053;6459.899893944011;2128.6120218579235
2070;Busan;2045;1.0;0.0628415300546448;0.0;9.866120218579233;9.866120218579233;0.0;25.70267674180325;26.27430555555555;0.0;3212834.5927254045;3284288.194444444;9084.075798334752;46430.530487722564;9286.106097544513;3059.879781420764
2070;Jebel Ali;2045;1.0;0.07650273224043715;0.0;12.010928961748633;12.010928961748633;0.0;31.29021516393439;31.986111111111107;0.0;3911276.895491797;3998263.8888888885;11058.874884929264;56524.12407201008;11304.824814402016;3725.0710382513657
2070;Los Angeles;2050;1.0;0.051912568306010924;0.0;8.150273224043715;8.150273224043715;0.0;21.23264600409834;21.70486111111111;0.0;2654080.7505122907;2713107.638888889;7504.236529059144;38355.65562029256;7671.131124058512;2527.7267759562837
2070;Algeciras;2050;1.0;0.08196721311475409;0.0;12.868852459016393;12.868852459016393;0.0;33.52523053278685;34.270833333333336;0.0;4190653.8165983544;4283854.166666667;11848.794519567069;60561.56150572509;12112.312301145019;3991.147540983606
2070;Murmansk;2050;1.0;0.0628415300546448;0.0;9.866120218579233;9.866120218579233;0.0;25.70267674180325;26.27430555555555;0.0;3212834.5927254045;3284288.194444444;9084.075798334752;46430.530487722564;9286.106097544513;3059.879781420764
2070;Savannah;2055;1.0;0.06830601092896174;0.0;10.724043715846994;10.724043715846994;0.0;27.937692110655707;28.559027777777775;0.0;3492211.513831962;3569878.472222222;9873.995432972557;50467.96792143757;10093.593584287515;3325.956284153005
2070;Santos;2055;1.0;0.04918032786885246;0.0;7.721311475409836;7.721311475409836;0.0;20.115138319672113;20.5625;0.0;2514392.2899590125;2570312.5;7109.276711740242;36336.93690343506;7267.3873806870115;2394.688524590164
2070;Melbourne;2060;1.0;0.03825136612021857;0.0;6.005464480874316;6.005464480874316;0.0;15.645107581967196;15.993055555555554;0.0;1955638.4477458985;1999131.9444444443;5529.437442464632;28262.06203600504;5652.412407201008;1862.5355191256829
2070;Durban;2060;1.0;0.046448087431693985;0.0;7.292349726775956;7.292349726775956;0.0;18.99763063524588;19.42013888888889;0.0;2374703.829405734;2427517.361111111;6714.316894421339;34318.21818657755;6863.64363731551;2261.6502732240433
2070;Tromsø;2060;1.0;0.0546448087431694;0.0;8.579234972677595;8.579234972677595;0.0;22.350153688524568;22.84722222222222;0.0;2793769.2110655694;2855902.777777778;7899.196346378047;40374.37433715006;8074.874867430013;2660.7650273224044
2070;Port Klang;2060;1.0;0.06557377049180327;0.0;10.295081967213113;10.295081967213113;0.0;26.820184426229478;27.416666666666664;0.0;3352523.053278683;3427083.333333333;9479.035615653655;48449.24920458007;9689.849840916015;3192.918032786885
