year;fuel throughput [tons];fuel throughput [pebbles];seperative work [SWU];feedmass [tons];waste [m^3];fresh fuel storage [m^3];spent fuel storage [m^3];new ships deployed;number of refuelings;initial fuel loading [tons];refueling [tons];initial fuel loading [pebbles];refueling [pebbles];truckloads of waste transported;reactors in fleet
2035;0.0;0.0;0.0;0.0;0.0;0.0;0.0;0;0;0.0;0.0;0.0;0;0;0
2036;0.0;0.0;0.0;0.0;0.0;0.0;0.0;0;0;0.0;0.0;0.0;0;0;0
2037;0.18229166666666669;22786.458333333336;30533.511063912476;58219.40104166667;64.42719309119693;450.99035163837846;0.0;1;0;1.2760416666666667;0.0;159505.20833333334;0;0;1
2038;2.041666666666667;255208.33333333334;311441.8128519072;593837.8906250001;721.5845626214057;4600.101586711461;0.0;3;0;13.015625000000002;0.0;1626953.125;0;0;9
2039;2.697916666666667;337239.5833333334;109920.63983008487;209589.84375000003;953.5224577497145;1623.5652658981617;0.0;2;0;4.59375;0.0;574218.7500000002;0;0;12
2040;5.6875;710937.5;500749.58144816477;954798.1770833334;2010.1284244453434;7396.241766869402;0.0;5;0;20.927083333333332;0.0;2615885.4166666665;0;0;25
2041;10.682291666666666;1335286.4583333333;836618.203151199;1595211.5885416667;3775.4335151441396;12357.135634891574;0.0;10;0;34.963541666666664;0.0;4370442.708333333;0;0;49
2042;17.080729166666664;2135091.145833333;1071726.2383433264;2043500.9765624993;6036.82799264515;15829.76134250707;0.0;12;0;44.789062499999986;0.0;5598632.812499998;0.0;0;77
2043;28.236979166666668;3529622.3958333335;1868650.8771114424;3563027.3437500014;9979.772209826404;27600.60952026878;0.0;21;0;78.09375000000003;0.0;9761718.750000004;0.0;0;128
2044;47.6;5949999.999999999;3273803.0562726893;6242284.1796875;16823.228659973338;48355.185502666915;450.99035163837846;37;1;135.54114583333333;1.2760416666666667;16942643.22916666;159505.20833333334;0;215
2045;75.19895833333334;9399869.791666668;4934215.38792824;9408255.208333334;26577.505693980554;72880.04082476198;5051.091938349839;53;3;193.19270833333334;13.015625000000002;24149088.541666683;1626953.125;0;340
2046;115.23385416666666;14404231.77083333;6815690.339686528;12995734.70052083;40727.00584066922;100670.06629271881;6674.657204248001;76;2;280.24427083333325;4.59375;35030533.854166634;574218.7500000002;0;520
2047;163.5484375;20443554.687499996;8593351.353827506;16385268.229166672;57802.78909756004;126926.72456510513;14070.898971117404;93;5;338.2020833333334;20.927083333333332;42275260.416666664;2615885.4166666665;0;738
2048;217.42291666666668;27177864.583333332;9860492.062979892;18801373.37239584;76843.60174373239;145642.82415809802;26428.03460600898;102;10;377.1213541666667;34.963541666666664;47140169.27083335;4370442.708333333;0;982
2049;268.64322916666674;33580403.645833336;9651032.17708145;18401988.28125002;94946.3544584969;142549.0303458587;41806.805596877675;98;12;358.5421875000004;44.789062499999986;44817773.43750003;5598632.812499998;152;1213
2050;312.8125;39101562.49999999;9266920.607897416;17669588.21614581;110557.0633444939;136875.57172224775;64807.313530434985;84;21;309.1848958333328;78.09375000000003;38648111.9791666;9761718.750000004;1550;1411
2051;347.13802083333326;43392252.60416666;9023263.189607382;17204997.39583331;122688.70380356627;133276.6687161735;111538.93376720374;66;38;240.2786458333328;136.8171875;30034830.72916665;17102148.437499993;547;1566
2052;371.41927083333337;46427408.85416667;9001279.06164141;17163079.427083373;131270.40592331372;132951.95566299415;177022.73282509632;47;56;169.9687500000008;206.20833333333334;21246093.750000104;25776041.666666683;2492;1675
2053;388.8463541666667;48605794.270833336;9734693.997396559;18561509.440104157;137429.64558283216;143784.7439093479;265335.6634829235;34;78;121.9895833333332;284.83802083333325;15248697.91666665;35604752.604166634;4163;1754
2054;400.01718750000003;50002148.43750001;10464444.911824077;19952953.125000007;141377.7439754607;154563.41331350492;376432.6267055216;21;98;78.19583333333344;359.1291666666667;9774479.166666701;44891145.83333333;5333;1803
2055;406.8786458333334;50859830.72916667;11009773.419425547;20992751.627604175;143802.78352341335;162618.10099376657;494474.8413433508;14;112;48.03020833333352;412.0848958333334;6003776.041666649;51510611.97916669;9297;1835
2056;412.3364583333334;51542057.291666664;10565205.498334989;20145077.14843752;145731.73368456378;156051.68147391165;588668.6861865426;10;110;38.20468749999992;403.3312500000004;4775585.937499948;50416406.25000003;16288;1859
2057;414.14479166666666;51768098.958333336;9569813.03765142;18247124.674479123;146370.85144002846;141349.39601050055;652664.2170840284;4;105;12.658333333332962;387.2786458333328;1582291.6666667014;48409830.7291666;24549;1867
2058;416.4052083333333;52050651.041666664;9401878.726799905;17926917.968749963;147169.7486343593;138868.9490764894;685270.8195074832;3;104;15.822916666666401;377.0958333333328;1977864.5833332986;47136979.16666665;33910;1877
2059;417.92187500000006;52240234.37500001;9255317.873693183;17647464.843750067;147705.78288087808;136704.19538862555;691296.0506053722;4;103;10.616666666667356;376.17708333333417;1327083.3333334029;47022135.41666679;42754;1884
2060;418.1041666666667;52263020.833333336;9765227.508460462;18619728.84114581;147770.21007396924;144235.73426098604;689437.970356622;1;112;1.2760416666664014;406.82760416666645;159505.20833329856;50853450.52083328;49058;1885
2061;418.1041666666667;52263020.833333336;10464444.911824077;19952953.125000007;147770.21007396924;154563.41331350492;701452.3533242682;0;119;0.0;437.32500000000016;0.0;54665625.00000003;48016;1885
2062;418.1041666666667;52263020.833333336;11009773.419425547;20992751.627604175;147770.21007396924;162618.10099376657;727194.882595787;0;126;0.0;460.1151041666669;0.0;57514388.020833336;46105;1885
2063;418.1041666666667;52263020.833333336;10565205.498334989;20145077.14843752;147770.21007396924;156051.68147391165;749969.8953535252;0;120;0.0;441.53593750000033;0.0;55191992.18749998;44893;1885
2064;418.1041666666667;52263020.833333336;9569813.03765142;18247124.674479123;147770.21007396924;141349.39601050055;758367.3357010316;0;109;0.0;399.93697916666576;0.0;49992122.3958333;44783;1885
2065;418.1041666666667;52263020.833333336;9401878.726799905;17926917.968749963;147770.21007396924;138868.9490764894;753451.5408681731;0;107;0.0;392.9187499999992;0.0;49114843.74999995;48432;1885
2066;418.1041666666667;52263020.833333336;9255317.873693183;17647464.843750067;147770.21007396924;136704.19538862555;735592.3229432938;0;107;0.0;386.7937500000015;0.0;48349218.75000019;52063;1885
2067;418.1041666666667;52263020.833333336;9765227.508460462;18619728.84114581;147770.21007396924;144235.73426098604;717209.9562105132;0;113;0.0;408.10364583333285;0.0;51012955.72916658;54776;1885
2068;418.1041666666667;52263020.833333336;10464444.911824077;19952953.125000007;147770.21007396924;154563.41331350492;715721.6880501065;0;119;0.0;437.32500000000016;0.0;54665625.00000003;52564;1885
2069;418.1041666666667;52263020.833333336;11009773.419425547;20992751.627604175;147770.21007396924;162618.10099376657;736990.3930333725;0;126;0.0;460.1151041666669;0.0;57514388.020833336;47612;1885
2070;418.1041666666667;52263020.833333336;10565205.498334989;20145077.14843752;147770.21007396924;156051.68147391165;754173.1254307947;0;120;0.0;441.53593750000033;0.0;55191992.18749998;46777;1885
2071;418.1041666666667;52263020.833333336;9569813.03765142;18247124.674479123;147770.21007396924;141349.39601050055;758818.3260526697;0;109;0.0;399.93697916666576;0.0;49992122.3958333;46047;1885
2072;418.1041666666667;52263020.833333336;9401878.726799905;17926917.968749963;147770.21007396924;138868.9490764894;753451.5408681731;0;107;0.0;392.9187499999992;0.0;49114843.74999995;48584;1885
