year;fuel throughput [tons];fuel throughput [pebbles];seperative work [SWU];feedmass [tons];waste [m^3];fresh fuel storage [m^3];spent fuel storage [m^3];new ships deployed;number of refuelings;initial fuel loading [tons];refueling [tons];initial fuel loading [pebbles];refueling [pebbles];truckloads of waste transported;reactors in fleet
2035;0.0;0.0;0.0;0.0;0.0;0.0;0.0;0;0;0.0;0.0;0.0;0;0;0
2036;0.0;0.0;0.0;0.0;0.0;0.0;0.0;0;0;0.0;0.0;0.0;0;0;0
2037;0.18229166666666669;22786.458333333336;13506.576541639632;27343.750000000007;64.42719309119693;322.13596545598466;0.0;1;0;0.9114583333333335;0.0;113932.29166666669;0;0;1
2038;2.041666666666667;255208.33333333334;137767.08072472434;278906.2500000001;721.5845626214057;3285.7868476510434;0.0;3;0;9.296875000000002;0.0;1162109.375;0;0;9
2039;2.697916666666667;337239.5833333334;48623.675549902604;98437.50000000001;953.5224577497145;1159.689475641544;0.0;2;0;3.28125;0.0;410156.2500000001;0;0;12
2040;5.6875;710937.5;221507.8552828892;448437.49999999994;2010.1284244453434;5283.029833478145;0.0;5;0;14.947916666666664;0.0;1868489.583333333;0.0;0;25
2041;10.682291666666666;1335286.4583333333;370080.1972409249;749218.7499999999;3775.4335151441396;8826.525453493981;0.0;10;0;24.97395833333333;0.0;3121744.791666666;0.0;0;49
2042;17.080729166666664;2135091.145833333;487587.41315318923;987109.375;6036.82799264515;11629.108352961033;322.13596545598466;12;1;31.992187499999993;0.9114583333333335;3999023.437499999;113932.29166666669;0;77
2043;28.236979166666668;3529622.3958333335;964369.5650730692;1952343.7500000007;9979.772209826404;23000.507933557317;3607.922813107028;21;3;55.781250000000014;9.296875000000002;6972656.250000002;1162109.375;0;128
2044;47.6;5949999.999999999;1483292.2358028647;3002890.6250000005;16823.228659973338;35376.971726376214;4767.612288748573;37;2;96.81510416666667;3.28125;12101888.020833328;410156.2500000001;0;215
2045;75.19895833333334;9399869.791666668;2266403.5436871313;4588281.250000001;26577.505693980554;54054.41500351423;10050.642122226716;53;5;137.99479166666669;14.947916666666664;17249348.958333343;1868489.583333333;0;340
2046;115.23385416666666;14404231.77083333;3336394.5373158194;6754453.124999999;40727.00584066922;79574.02618693729;18877.167575720698;76;10;200.17447916666663;24.97395833333333;25021809.895833313;3121744.791666666;0;520
2047;163.5484375;20443554.687499996;4067370.4597493634;8234296.875000003;57802.78909756004;97008.02463741513;30184.139963225745;93;13;241.57291666666674;32.90364583333333;30196614.58333333;4112955.7291666656;109;738
2048;217.42291666666668;27177864.583333332;4956103.196189232;10033515.625000002;76843.60174373239;118204.57116441909;49898.86104913202;102;24;269.37239583333337;65.07812500000001;33671549.47916668;8134765.625000002;1107;982
2049;268.64322916666674;33580403.645833336;5278370.112472773;10685937.500000013;94946.3544584969;125890.7353001988;84116.14329986669;98;39;256.10156250000034;100.09635416666667;32012695.31250002;12512044.270833328;391;1213
2050;312.8125;39101562.49999999;5539047.039726399;11213671.874999989;110557.0633444939;132107.9594334992;132887.52846990275;84;58;220.8463541666663;152.94270833333334;27605794.270833284;19117838.541666675;1780;1411
2051;347.13802083333326;43392252.60416666;5879682.900106557;11903281.249999987;122688.70380356627;140232.22848229914;203635.02920334606;66;86;171.6276041666663;225.14843749999994;21453450.52083332;28143554.687499978;2974;1566
2052;371.41927083333337;46427408.85416667;5866446.455095768;11876484.375000022;131270.40592331372;139916.5352361524;289013.94548780017;47;106;121.40625000000057;274.47656250000006;15175781.250000075;34309570.31249999;3918;1675
2053;388.8463541666667;48605794.270833336;6247331.913569994;12647578.124999998;137429.64558283216;149000.7694620113;384218.0087186619;34;126;87.13541666666657;334.45052083333337;10891927.08333332;41806315.10416668;7748;1754
2054;400.01718750000003;50002148.43750001;6106053.122944444;12361562.500000015;141377.7439754607;145631.22726334148;474731.7722924845;21;137;55.85416666666674;356.197916666667;6981770.833333358;44524739.58333334;11917;1803
2055;406.8786458333334;50859830.72916667;6047434.580753721;12242890.624999994;143802.78352341335;144233.15717326244;552785.3167224694;14;142;34.3072916666668;373.78906249999966;4288411.458333321;46723632.81249996;18208;1835
2056;412.3364583333334;51542057.291666664;6284069.8017632365;12721953.124999985;145731.73368456378;149876.97928805125;613443.5190178312;10;152;27.289062499999943;396.77604166666623;3411132.8124999627;49597005.2083333;26804;1859
2057;414.14479166666666;51768098.958333336;6000431.694388822;12147734.375000013;146370.85144002846;143112.12401347584;656352.0296165685;4;153;9.041666666666401;395.8828125000006;1130208.3333333582;49485351.56250007;32676;1867
2058;416.4052083333333;52050651.041666664;6414813.462686308;12986640.624999994;147169.7486343593;152995.2554336655;687148.2279141607;3;160;11.302083333333144;421.58593749999994;1412760.4166666418;52698242.1875;39816;1877
2059;417.92187500000006;52240234.37500001;6218427.839770883;12589062.50000003;147705.78288087808;148311.39849593534;706888.7198773035;4;158;7.583333333333826;412.05208333333377;947916.6666667163;51506510.4166667;42405;1884
2060;418.1041666666667;52263020.833333336;6060941.157295354;12270234.374999989;147770.21007396924;144555.29313871826;719013.9176170668;1;156;0.9114583333331439;408.09635416666646;113932.29166664183;51012044.27083328;44499;1885
2061;418.1041666666667;52263020.833333336;6284069.8017632365;12721953.124999985;147770.21007396924;149876.97928805125;728658.6684228189;0;162;0.0;424.0651041666662;0.0;53008138.02083326;47236;1885
2062;418.1041666666667;52263020.833333336;6000431.694388822;12147734.375000013;147770.21007396924;143112.12401347584;731854.2572001424;0;157;0.0;404.924479166667;0.0;50615559.895833425;47129;1885
2063;418.1041666666667;52263020.833333336;6414813.462686308;12986640.624999994;147770.21007396924;152995.2554336655;735848.7431717966;0;163;0.0;432.8880208333331;0.0;54111002.60416664;50189;1885
2064;418.1041666666667;52263020.833333336;6218427.839770883;12589062.50000003;147770.21007396924;148311.39849593534;738528.9144043904;0;162;0.0;419.6354166666676;0.0;52454427.08333342;49054;1885
2065;418.1041666666667;52263020.833333336;6060941.157295354;12270234.374999989;147770.21007396924;144555.29313871826;738851.0503698462;0;157;0.0;409.0078124999996;0.0;51125976.562499925;48583;1885
2066;418.1041666666667;52263020.833333336;6284069.8017632365;12721953.124999985;147770.21007396924;149876.97928805125;738851.0503698462;0;162;0.0;424.0651041666662;0.0;53008138.02083326;50484;1885
2067;418.1041666666667;52263020.833333336;6000431.694388822;12147734.375000013;147770.21007396924;143112.12401347584;738851.0503698462;0;157;0.0;404.924479166667;0.0;50615559.895833425;48206;1885
2068;418.1041666666667;52263020.833333336;6414813.462686308;12986640.624999994;147770.21007396924;152995.2554336655;738851.0503698462;0;163;0.0;432.8880208333331;0.0;54111002.60416664;51535;1885
2069;418.1041666666667;52263020.833333336;6218427.839770883;12589062.50000003;147770.21007396924;148311.39849593534;738851.0503698462;0;162;0.0;419.6354166666676;0.0;52454427.08333342;49957;1885
2070;418.1041666666667;52263020.833333336;6060941.157295354;12270234.374999989;147770.21007396924;144555.29313871826;738851.0503698462;0;157;0.0;409.0078124999996;0.0;51125976.562499925;48692;1885
